0 0 0 3.92695 -3.62371e-19 1.51057e-17
46 0.01 0 3.92695 2.75351e-08 -3.54419e-05
81 0.02 0 3.92695 1.20035e-07 -0.000134127
115 0.03 0 3.92695 3.84898e-07 -0.00029133
149 0.04 0 3.92694 1.12136e-06 -0.000503717
183 0.05 0 3.92695 1.64541e-06 -0.000772554
217 0.06 0 3.92695 3.82515e-06 -0.00109234
251 0.07 0 3.92694 5.68812e-06 -0.00146416
285 0.08 0 3.92694 8.44526e-06 -0.00188231
319 0.09 0 3.92695 1.23912e-05 -0.00234802
353 0.1 0 3.92693 1.73392e-05 -0.00286229
387 0.11 0 3.92694 2.37893e-05 -0.00341773
421 0.12 0 3.92694 3.14453e-05 -0.0040178
455 0.13 0 3.92694 4.0257e-05 -0.00466016
489 0.14 0 3.92695 5.11901e-05 -0.00534745
523 0.15 0 3.92694 6.51991e-05 -0.00607695
557 0.16 0 3.92693 8.05024e-05 -0.00685412
591 0.17 0 3.92694 9.8156e-05 -0.00766152
625 0.18 0 3.92694 0.000117132 -0.00850699
659 0.19 0 3.92694 0.000141977 -0.00939226
693 0.2 0 3.92695 0.000167001 -0.0103207
727 0.21 0 3.92694 0.000196025 -0.0112812
761 0.22 0 3.92695 0.000228899 -0.0122779
795 0.23 0 3.92695 0.000265233 -0.0133063
829 0.24 0 3.92694 0.000305642 -0.0143739
863 0.25 0 3.92694 0.000350279 -0.0154717
897 0.26 0 3.92694 0.000399939 -0.0166022
931 0.27 0 3.92694 0.000455396 -0.0177693
965 0.28 0 3.92694 0.000512557 -0.0189661
999 0.29 0 3.92693 0.000573991 -0.0201951
1033 0.3 0 3.92694 0.000644043 -0.0214533
1067 0.31 0 3.92695 0.000719723 -0.0227415
1101 0.32 0 3.92696 0.000801275 -0.0240581
1135 0.33 0 3.92696 0.000887857 -0.0254018
1169 0.34 0 3.92695 0.000981489 -0.0267777
1203 0.35 0 3.92695 0.00108237 -0.028179
1237 0.36 0 3.92695 0.00119037 -0.0296065
1271 0.37 0 3.92695 0.00130656 -0.0310594
1305 0.38 0 3.92695 0.00143178 -0.0325418
1339 0.39 0 3.92696 0.00156476 -0.0340464
1373 0.4 0 3.92695 0.00170509 -0.0355788
1407 0.41 0 3.92695 0.00184807 -0.0371342
1441 0.42 0 3.92695 0.00200816 -0.038713
1475 0.43 0 3.92696 0.00217203 -0.0403152
1509 0.44 0 3.92695 0.00234969 -0.0419399
1543 0.45 0 3.92695 0.00253102 -0.0435907
1577 0.46 0 3.92695 0.00272734 -0.0452626
1611 0.47 0 3.92696 0.00293342 -0.0469549
1645 0.48 0 3.92695 0.00315013 -0.0486674
1679 0.49 0 3.92696 0.00337687 -0.0504021
1713 0.5 0 3.92694 0.00361188 -0.0521623
1747 0.51 0 3.92696 0.00386251 -0.0539361
1781 0.52 0 3.92696 0.00412478 -0.0557283
1815 0.53 0 3.92695 0.00439824 -0.0575357
1849 0.54 0 3.92696 0.00468503 -0.0593707
1883 0.55 0 3.92696 0.00498328 -0.0612206
1917 0.56 0 3.92696 0.00529376 -0.0630868
1951 0.57 0 3.92696 0.00561885 -0.0649723
1985 0.58 0 3.92697 0.00595582 -0.0668732
2019 0.59 0 3.92696 0.00630606 -0.0687867
2053 0.6 0 3.92696 0.00667422 -0.0707241
2087 0.61 0 3.92696 0.00705045 -0.072669
2121 0.62 0 3.92697 0.00744436 -0.0746356
2155 0.63 0 3.92697 0.0078524 -0.0766128
2189 0.64 0 3.92696 0.00827751 -0.0786079
2223 0.65 0 3.92696 0.00871257 -0.080612
2257 0.66 0 3.92697 0.00916815 -0.0826358
2291 0.67 0 3.92697 0.00963697 -0.0846672
2325 0.68 0 3.92697 0.0101184 -0.0867162
2359 0.69 0 3.92697 0.0106198 -0.088773
2393 0.7 0 3.92697 0.0111396 -0.0908436
2427 0.71 0 3.92698 0.011673 -0.0929248
2461 0.72 0 3.92696 0.0122267 -0.0950234
2495 0.73 0 3.92697 0.0127962 -0.0971237
2529 0.74 0 3.92697 0.0133821 -0.0992395
2563 0.75 0 3.92698 0.0139859 -0.101364
2597 0.76 0 3.92697 0.0146071 -0.103498
2631 0.77 0 3.92697 0.0152482 -0.105643
2665 0.78 0 3.92697 0.0159081 -0.107798
2699 0.79 0 3.92698 0.016587 -0.109965
2733 0.8 0 3.92698 0.0172821 -0.112134
2767 0.81 0 3.92698 0.0180001 -0.114316
2801 0.82 0 3.92699 0.0187368 -0.116498
2835 0.83 0 3.92698 0.0194919 -0.118693
2869 0.84 0 3.92698 0.0202659 -0.120892
2903 0.85 0 3.92698 0.0210606 -0.123102
2937 0.86 0 3.92698 0.0218762 -0.125313
2971 0.87 0 3.92697 0.0227114 -0.127531
3005 0.88 0 3.92699 0.0235657 -0.129755
3039 0.89 0 3.92698 0.0244421 -0.131982
3073 0.9 0 3.92698 0.0253398 -0.134221
3107 0.91 0 3.92698 0.0262557 -0.136456
3141 0.92 0 3.92698 0.0271969 -0.138699
3175 0.93 0 3.92699 0.028157 -0.140943
3209 0.94 0 3.92699 0.0291354 -0.143189
3243 0.95 0 3.92697 0.0301354 -0.145436
3277 0.96 0 3.92698 0.0311609 -0.147688
3311 0.97 0 3.92699 0.0322091 -0.149946
3345 0.98 0 3.92698 0.0332764 -0.152201
3379 0.99 0 3.92698 0.0343656 -0.154463
3413 1 0 3.92698 0.0354787 -0.156723
3447 1.01 0 3.92697 0.036613 -0.158976
3481 1.02 0 3.92699 0.0377761 -0.161242
3515 1.03 0 3.92699 0.0389561 -0.163498
3549 1.04 0 3.92698 0.0401572 -0.165758
3583 1.05 0 3.92699 0.0413866 -0.168016
3617 1.06 0 3.92699 0.0426363 -0.170271
3651 1.07 0 3.92699 0.0439093 -0.172525
3685 1.08 0 3.92699 0.0451998 -0.174773
3719 1.09 0 3.92698 0.0465217 -0.177029
3753 1.1 0 3.92699 0.0478638 -0.179273
3787 1.11 0 3.92699 0.0492281 -0.181518
3821 1.12 0 3.92698 0.0506138 -0.18376
3855 1.13 0 3.927 0.0520247 -0.185997
3889 1.14 0 3.92699 0.053459 -0.188235
3923 1.15 0 3.92698 0.0549124 -0.190459
3957 1.16 0 3.927 0.0563956 -0.192687
3991 1.17 0 3.92699 0.0579018 -0.194907
4025 1.18 0 3.92699 0.0594238 -0.197117
4059 1.19 0 3.92698 0.0609721 -0.199327
4093 1.2 0 3.92699 0.0625457 -0.201531
4127 1.21 0 3.92699 0.0641435 -0.203727
4161 1.22 0 3.92698 0.0657601 -0.205912
4195 1.23 0 3.927 0.0674042 -0.208092
4229 1.24 0 3.92698 0.0690707 -0.210272
4263 1.25 0 3.92699 0.070759 -0.212434
4297 1.26 0 3.927 0.0724713 -0.214592
4331 1.27 0 3.927 0.0742062 -0.216742
4365 1.28 0 3.92698 0.0759639 -0.21888
4399 1.29 0 3.92699 0.0777424 -0.221012
4433 1.3 0 3.92699 0.0795479 -0.223133
4467 1.31 0 3.92699 0.0813746 -0.225245
4501 1.32 0 3.92699 0.0832245 -0.227348
4535 1.33 0 3.92699 0.0850948 -0.229439
4569 1.34 0 3.927 0.0869868 -0.23152
4603 1.35 0 3.92699 0.0889028 -0.233589
4637 1.36 0 3.927 0.0908416 -0.235651
4671 1.37 0 3.927 0.0928019 -0.237696
4705 1.38 0 3.92699 0.0947825 -0.239733
4739 1.39 0 3.927 0.0967828 -0.241754
4773 1.4 0 3.927 0.0988072 -0.243762
4807 1.41 0 3.92698 0.100854 -0.245762
4841 1.42 0 3.92699 0.102923 -0.247745
4875 1.43 0 3.927 0.105013 -0.249714
4909 1.44 0 3.92699 0.10712 -0.251671
4943 1.45 0 3.92698 0.109251 -0.253616
4977 1.46 0 3.927 0.111403 -0.255543
5011 1.47 0 3.927 0.113575 -0.257457
5045 1.48 0 3.927 0.115766 -0.259355
5079 1.49 0 3.927 0.117979 -0.261239
5113 1.5 0 3.92698 0.120208 -0.263107
5147 1.51 0 3.92699 0.12246 -0.264961
5181 1.52 0 3.92699 0.12473 -0.2668
5215 1.53 0 3.92699 0.12702 -0.268618
5249 1.54 0 3.92698 0.129328 -0.270423
5283 1.55 0 3.927 0.131658 -0.27221
5317 1.56 0 3.927 0.134004 -0.273982
5351 1.57 0 3.92699 0.136371 -0.275736
5385 1.58 0 3.92698 0.138753 -0.277472
5419 1.59 0 3.92699 0.141153 -0.27919
5453 1.6 0 3.92698 0.14357 -0.28089
5487 1.61 0 3.92699 0.146008 -0.282577
5521 1.62 0 3.92699 0.148461 -0.284244
5555 1.63 0 3.92699 0.15093 -0.28589
5589 1.64 0 3.92699 0.153412 -0.287515
5623 1.65 0 3.92699 0.155919 -0.289126
5657 1.66 0 3.92699 0.158436 -0.290717
5691 1.67 0 3.92699 0.16097 -0.292289
5725 1.68 0 3.92698 0.163517 -0.29384
5759 1.69 0 3.92698 0.166081 -0.295376
5793 1.7 0 3.92698 0.168662 -0.296888
5827 1.71 0 3.92698 0.171258 -0.298382
5861 1.72 0 3.927 0.173867 -0.299852
5895 1.73 0 3.92699 0.176491 -0.301304
5929 1.74 0 3.92699 0.179125 -0.302738
5963 1.75 0 3.92699 0.181776 -0.30415
5997 1.76 0 3.92698 0.18444 -0.305543
6031 1.77 0 3.92698 0.187111 -0.306908
6065 1.78 0 3.92699 0.1898 -0.308259
6099 1.79 0 3.92699 0.192499 -0.309587
6133 1.8 0 3.92699 0.195211 -0.310895
6167 1.81 0 3.92699 0.197934 -0.312181
6201 1.82 0 3.92698 0.200668 -0.313446
6235 1.83 0 3.92699 0.203413 -0.314689
6269 1.84 0 3.92698 0.20617 -0.315911
6303 1.85 0 3.92698 0.208934 -0.31711
6337 1.86 0 3.92698 0.211709 -0.318285
6371 1.87 0 3.92698 0.214491 -0.319443
6405 1.88 0 3.92698 0.217285 -0.320576
6439 1.89 0 3.92697 0.220088 -0.321692
6473 1.9 0 3.92698 0.222899 -0.32278
6507 1.91 0 3.92697 0.225717 -0.323844
6541 1.92 0 3.92698 0.228542 -0.32489
6575 1.93 0 3.92699 0.231379 -0.325911
6609 1.94 0 3.92698 0.234222 -0.326914
6643 1.95 0 3.92698 0.237068 -0.327893
6677 1.96 0 3.92698 0.239921 -0.32885
6711 1.97 0 3.92697 0.242783 -0.329782
6745 1.98 0 3.92699 0.245649 -0.330692
6779 1.99 0 3.92698 0.24852 -0.33158
6813 2 0 3.92698 0.251395 -0.332446
6847 2.01 0 3.92698 0.254281 -0.333292
6881 2.02 0 3.92699 0.257164 -0.334112
6915 2.03 0 3.92697 0.260055 -0.334911
6949 2.04 0 3.92698 0.262949 -0.335688
6983 2.05 0 3.92698 0.265845 -0.33644
7017 2.06 0 3.92698 0.268744 -0.337169
7051 2.07 0 3.92698 0.271646 -0.33788
7085 2.08 0 3.92698 0.274553 -0.338566
7119 2.09 0 3.92697 0.277455 -0.339226
7153 2.1 0 3.92697 0.280368 -0.339872
7187 2.11 0 3.92697 0.283276 -0.340488
7221 2.12 0 3.92698 0.286188 -0.341085
7255 2.13 0 3.92698 0.289095 -0.341661
7289 2.14 0 3.92697 0.292008 -0.342211
7323 2.15 0 3.92697 0.294919 -0.34274
7357 2.16 0 3.92697 0.297829 -0.343247
7391 2.17 0 3.92697 0.300741 -0.343735
7425 2.18 0 3.92698 0.303646 -0.344198
7459 2.19 0 3.92697 0.306554 -0.34464
7493 2.2 0 3.92696 0.309461 -0.345062
7527 2.21 0 3.92696 0.312362 -0.345462
7561 2.22 0 3.92696 0.315259 -0.345837
7595 2.23 0 3.92696 0.318159 -0.346192
7629 2.24 0 3.92697 0.321056 -0.346527
7663 2.25 0 3.92697 0.323948 -0.346838
7697 2.26 0 3.92697 0.326838 -0.347127
7731 2.27 0 3.92697 0.329723 -0.347402
7765 2.28 0 3.92696 0.332601 -0.347651
7799 2.29 0 3.92697 0.335476 -0.347878
7833 2.3 0 3.92696 0.338348 -0.348088
7867 2.31 0 3.92697 0.341213 -0.348277
7901 2.32 0 3.92697 0.344072 -0.348442
7935 2.33 0 3.92696 0.346924 -0.348591
7969 2.34 0 3.92696 0.349772 -0.348716
8003 2.35 0 3.92696 0.352614 -0.348827
8037 2.36 0 3.92696 0.355448 -0.348915
8071 2.37 0 3.92696 0.358274 -0.348983
8105 2.38 0 3.92696 0.361094 -0.34903
8139 2.39 0 3.92696 0.363907 -0.34906
8173 2.4 0 3.92696 0.366711 -0.349069
8207 2.41 0 3.92697 0.36951 -0.349061
8241 2.42 0 3.92696 0.372297 -0.349034
8275 2.43 0 3.92696 0.375078 -0.348988
8309 2.44 0 3.92696 0.377847 -0.348923
8343 2.45 0 3.92696 0.380607 -0.348837
8377 2.46 0 3.92695 0.383361 -0.348736
8411 2.47 0 3.92695 0.386103 -0.348621
8445 2.48 0 3.92695 0.388836 -0.348481
8479 2.49 0 3.92695 0.391557 -0.348325
8513 2.5 0 3.92695 0.394267 -0.348152
8547 2.51 0 3.92696 0.396969 -0.34796
8581 2.52 0 3.92696 0.39966 -0.347754
8615 2.53 0 3.92696 0.402338 -0.347529
8649 2.54 0 3.92696 0.405005 -0.347287
8683 2.55 0 3.92696 0.40766 -0.34703
8717 2.56 0 3.92696 0.410302 -0.346756
8751 2.57 0 3.92695 0.412938 -0.346471
8785 2.58 0 3.92695 0.415556 -0.346163
8819 2.59 0 3.92695 0.41816 -0.34584
8853 2.6 0 3.92695 0.420755 -0.345504
8887 2.61 0 3.92694 0.423342 -0.345153
8921 2.62 0 3.92695 0.425909 -0.344787
8955 2.63 0 3.92694 0.428466 -0.344406
8989 2.64 0 3.92694 0.431008 -0.344008
9023 2.65 0 3.92695 0.433539 -0.343597
9057 2.66 0 3.92695 0.436054 -0.343172
9091 2.67 0 3.92694 0.438559 -0.342733
9125 2.68 0 3.92693 0.441048 -0.34228
9159 2.69 0 3.92694 0.443523 -0.341813
9193 2.7 0 3.92695 0.445981 -0.341334
9227 2.71 0 3.92694 0.448426 -0.340838
9261 2.72 0 3.92695 0.450856 -0.340331
9295 2.73 0 3.92694 0.453269 -0.339809
9329 2.74 0 3.92695 0.455668 -0.339279
9363 2.75 0 3.92694 0.458056 -0.338737
9397 2.76 0 3.92694 0.460423 -0.338181
9431 2.77 0 3.92693 0.462781 -0.337614
9465 2.78 0 3.92694 0.465123 -0.337037
9499 2.79 0 3.92694 0.467446 -0.336444
9533 2.8 0 3.92694 0.469753 -0.335843
9567 2.81 0 3.92694 0.472049 -0.33523
9601 2.82 0 3.92694 0.474324 -0.334605
9635 2.83 0 3.92693 0.476586 -0.333972
9669 2.84 0 3.92694 0.478832 -0.333328
9703 2.85 0 3.92694 0.481062 -0.332675
9737 2.86 0 3.92694 0.483274 -0.332007
9771 2.87 0 3.92694 0.48547 -0.331336
9805 2.88 0 3.92693 0.48765 -0.330656
9839 2.89 0 3.92694 0.489815 -0.329962
9873 2.9 0 3.92694 0.491962 -0.329261
9907 2.91 0 3.92694 0.494096 -0.328552
9941 2.92 0 3.92694 0.496208 -0.327834
9975 2.93 0 3.92695 0.498305 -0.327111
10009 2.94 0 3.92694 0.500385 -0.326378
10043 2.95 0 3.92694 0.502451 -0.325638
10077 2.96 0 3.92694 0.504501 -0.324889
10111 2.97 0 3.92694 0.506531 -0.324135
10145 2.98 0 3.92694 0.508545 -0.323374
10179 2.99 0 3.92694 0.510543 -0.322605
10213 3 0 3.92694 0.512524 -0.321831
10247 3.01 0 3.92694 0.514489 -0.321052
10281 3.02 0 3.92693 0.516437 -0.320267
10315 3.03 0 3.92694 0.518365 -0.319473
10349 3.04 0 3.92693 0.520277 -0.318678
10383 3.05 0 3.92694 0.522176 -0.317875
10417 3.06 0 3.92694 0.524053 -0.317066
10451 3.07 0 3.92694 0.525917 -0.31625
10485 3.08 0 3.92693 0.527757 -0.315433
10519 3.09 0 3.92692 0.529589 -0.314608
10553 3.1 0 3.92693 0.531402 -0.31378
10587 3.11 0 3.92693 0.533193 -0.312952
10621 3.12 0 3.92693 0.534972 -0.312115
10655 3.13 0 3.92693 0.536731 -0.311274
10689 3.14 0 3.92693 0.538477 -0.31043
10723 3.15 0 3.92693 0.540199 -0.309583
10757 3.16 0 3.92694 0.541909 -0.308732
10791 3.17 0 3.92694 0.543604 -0.307878
10825 3.18 0 3.92692 0.545277 -0.30702
10859 3.19 0 3.92693 0.546935 -0.306163
10893 3.2 0 3.92693 0.548579 -0.305301
10927 3.21 0 3.92693 0.550204 -0.304438
10961 3.22 0 3.92692 0.551811 -0.303573
10995 3.23 0 3.92693 0.553403 -0.302702
11029 3.24 0 3.92694 0.554979 -0.301832
11063 3.25 0 3.92693 0.556539 -0.300959
11097 3.26 0 3.92693 0.558077 -0.300085
11131 3.27 0 3.92694 0.5596 -0.299211
11165 3.28 0 3.92693 0.561108 -0.298334
11199 3.29 0 3.92694 0.562601 -0.297456
11233 3.3 0 3.92693 0.564078 -0.296579
11267 3.31 0 3.92694 0.565537 -0.295702
11301 3.32 0 3.92693 0.566976 -0.294824
11335 3.33 0 3.92693 0.568403 -0.293947
11369 3.34 0 3.92692 0.569813 -0.293068
11403 3.35 0 3.92693 0.571206 -0.29219
11437 3.36 0 3.92693 0.572587 -0.291312
11471 3.37 0 3.92693 0.573948 -0.290433
11505 3.38 0 3.92692 0.575293 -0.289556
11539 3.39 0 3.92692 0.57662 -0.28868
11573 3.4 0 3.92693 0.577937 -0.287803
11607 3.41 0 3.92694 0.57924 -0.286927
11641 3.42 0 3.92693 0.580524 -0.286056
11675 3.43 0 3.92693 0.581793 -0.285184
11709 3.44 0 3.92692 0.583046 -0.284314
11743 3.45 0 3.92691 0.584283 -0.283446
11777 3.46 0 3.92692 0.585504 -0.282576
11811 3.47 0 3.92693 0.586713 -0.281708
11845 3.48 0 3.92692 0.587905 -0.280847
11879 3.49 0 3.92693 0.589084 -0.279983
11913 3.5 0 3.92692 0.590248 -0.279126
11947 3.51 0 3.92692 0.591396 -0.27827
11981 3.52 0 3.92693 0.59253 -0.277417
12015 3.53 0 3.92694 0.593648 -0.276565
12049 3.54 0 3.92692 0.594751 -0.275718
12083 3.55 0 3.92692 0.595839 -0.274875
12117 3.56 0 3.92692 0.596916 -0.274035
12151 3.57 0 3.92693 0.59798 -0.273198
12185 3.58 0 3.92692 0.599027 -0.272363
12219 3.59 0 3.92693 0.600061 -0.271531
12253 3.6 0 3.92693 0.601081 -0.270705
12287 3.61 0 3.92692 0.60209 -0.269886
12321 3.62 0 3.92692 0.603086 -0.269067
12355 3.63 0 3.92693 0.604064 -0.268249
12389 3.64 0 3.92693 0.605025 -0.26744
12423 3.65 0 3.92693 0.605977 -0.266634
12457 3.66 0 3.92692 0.606919 -0.26583
12491 3.67 0 3.92692 0.607843 -0.265032
12525 3.68 0 3.92692 0.608756 -0.26424
12559 3.69 0 3.92691 0.609653 -0.263451
12593 3.7 0 3.92692 0.610541 -0.262666
12627 3.71 0 3.92693 0.611416 -0.261885
12661 3.72 0 3.92693 0.612278 -0.261109
12695 3.73 0 3.92693 0.613126 -0.260339
12729 3.74 0 3.92693 0.613962 -0.259576
12763 3.75 0 3.92693 0.614784 -0.258814
12797 3.76 0 3.92693 0.615597 -0.258059
12831 3.77 0 3.92693 0.616399 -0.25731
12865 3.78 0 3.92693 0.617186 -0.256566
12899 3.79 0 3.92693 0.617962 -0.255827
12933 3.8 0 3.92693 0.618725 -0.255095
12967 3.81 0 3.92693 0.619476 -0.254369
13001 3.82 0 3.92693 0.620221 -0.25365
13035 3.83 0 3.92693 0.62095 -0.252933
13069 3.84 0 3.92692 0.621667 -0.252224
13103 3.85 0 3.92692 0.622375 -0.251515
13137 3.86 0 3.92692 0.623069 -0.250821
13171 3.87 0 3.92692 0.623753 -0.250122
13205 3.88 0 3.92693 0.624429 -0.249439
13239 3.89 0 3.92693 0.625092 -0.24876
13273 3.9 0 3.92694 0.625745 -0.248083
13307 3.91 0 3.92694 0.626389 -0.247415
13341 3.92 0 3.92693 0.62702 -0.246754
13375 3.93 0 3.92693 0.627641 -0.246099
13409 3.94 0 3.92692 0.62825 -0.245453
13443 3.95 0 3.92693 0.628853 -0.244808
13477 3.96 0 3.92693 0.629445 -0.244171
13511 3.97 0 3.92694 0.630026 -0.243541
13545 3.98 0 3.92693 0.630597 -0.242919
13579 3.99 0 3.92694 0.63116 -0.242302
13613 4 0 3.92693 0.631713 -0.241693
13647 4.01 0 3.92693 0.632255 -0.241091
13681 4.02 0 3.92693 0.632787 -0.240491
13715 4.03 0 3.92692 0.633309 -0.239901
13749 4.04 0 3.92692 0.633823 -0.239318
13783 4.05 0 3.92692 0.634333 -0.238745
13817 4.06 0 3.92692 0.634828 -0.238176
13851 4.07 0 3.92693 0.635315 -0.237615
13885 4.08 0 3.92693 0.635795 -0.237062
13919 4.09 0 3.92692 0.636264 -0.236513
13953 4.1 0 3.92691 0.636725 -0.235974
13987 4.11 0 3.92692 0.637182 -0.23544
14021 4.12 0 3.92692 0.637625 -0.234912
14055 4.13 0 3.92692 0.638061 -0.234393
14089 4.14 0 3.92692 0.638487 -0.23388
14123 4.15 0 3.92692 0.638905 -0.233375
14157 4.16 0 3.92692 0.639319 -0.232876
14191 4.17 0 3.92693 0.63972 -0.232386
14225 4.18 0 3.92692 0.640119 -0.2319
14259 4.19 0 3.92692 0.640503 -0.231421
14293 4.2 0 3.92692 0.640882 -0.23095
14327 4.21 0 3.92692 0.641254 -0.230486
14361 4.22 0 3.92692 0.641617 -0.230031
14395 4.23 0 3.92692 0.641974 -0.22958
14429 4.24 0 3.92692 0.642323 -0.229138
14463 4.25 0 3.92692 0.642663 -0.228702
14497 4.26 0 3.92692 0.642997 -0.228274
14531 4.27 0 3.92692 0.643324 -0.227855
14565 4.28 0 3.92693 0.643641 -0.227439
14599 4.29 0 3.92692 0.643954 -0.227032
14633 4.3 0 3.92692 0.64426 -0.226628
14667 4.31 0 3.92692 0.644561 -0.226235
14701 4.32 0 3.92693 0.64485 -0.225849
14735 4.33 0 3.92692 0.645136 -0.225472
14769 4.34 0 3.92692 0.645413 -0.225101
14803 4.35 0 3.92692 0.645684 -0.224737
14837 4.36 0 3.92692 0.645947 -0.22438
14871 4.37 0 3.92692 0.646205 -0.224031
14905 4.38 0 3.92692 0.646456 -0.223685
14939 4.39 0 3.92692 0.6467 -0.223348
14973 4.4 0 3.92692 0.646939 -0.22302
15007 4.41 0 3.92692 0.647172 -0.222697
15041 4.42 0 3.92692 0.647397 -0.222383
15075 4.43 0 3.92692 0.647616 -0.222074
15109 4.44 0 3.92692 0.647827 -0.221773
15143 4.45 0 3.92692 0.648035 -0.221478
15177 4.46 0 3.92692 0.648234 -0.221191
15211 4.47 0 3.92693 0.648427 -0.220913
15245 4.48 0 3.92692 0.648614 -0.220638
15279 4.49 0 3.92692 0.648798 -0.220372
15313 4.5 0 3.92692 0.648972 -0.220112
15347 4.51 0 3.92693 0.649143 -0.219859
15381 4.52 0 3.92693 0.649308 -0.219613
15415 4.53 0 3.92693 0.649465 -0.219373
15449 4.54 0 3.92693 0.649618 -0.219141
15483 4.55 0 3.92692 0.649767 -0.218915
15517 4.56 0 3.92692 0.649908 -0.218696
15551 4.57 0 3.92692 0.650045 -0.218484
15585 4.58 0 3.92692 0.650175 -0.218279
15619 4.59 0 3.92693 0.650302 -0.218081
15653 4.6 0 3.92693 0.650421 -0.217886
15687 4.61 0 3.92692 0.650536 -0.217703
15721 4.62 0 3.92693 0.650644 -0.217524
15755 4.63 0 3.92692 0.650747 -0.217351
15789 4.64 0 3.92692 0.650846 -0.217183
15823 4.65 0 3.92692 0.650938 -0.217027
15857 4.66 0 3.92692 0.651027 -0.216876
15891 4.67 0 3.92692 0.651112 -0.216729
15925 4.68 0 3.92692 0.65119 -0.216589
15959 4.69 0 3.92692 0.651263 -0.216455
15993 4.7 0 3.92692 0.65133 -0.21633
16027 4.71 0 3.92692 0.651393 -0.21621
16061 4.72 0 3.92692 0.651453 -0.216095
16095 4.73 0 3.92692 0.651508 -0.215986
16129 4.74 0 3.92692 0.651556 -0.215885
16163 4.75 0 3.92693 0.651601 -0.215791
16197 4.76 0 3.92693 0.65164 -0.215702
16231 4.77 0 3.92693 0.651674 -0.21562
16265 4.78 0 3.92693 0.651706 -0.215543
16299 4.79 0 3.92693 0.651732 -0.215472
16333 4.8 0 3.92693 0.651754 -0.215411
16367 4.81 0 3.92692 0.65177 -0.215352
16401 4.82 0 3.92692 0.651781 -0.215302
16435 4.83 0 3.92692 0.651787 -0.215255
16469 4.84 0 3.92693 0.651791 -0.215216
16503 4.85 0 3.92692 0.651789 -0.215181
16537 4.86 0 3.92692 0.651785 -0.215153
16571 4.87 0 3.92693 0.651775 -0.215129
16605 4.88 0 3.92692 0.651761 -0.215112
16639 4.89 0 3.92693 0.651743 -0.215103
16673 4.9 0 3.92693 0.651719 -0.215099
16707 4.91 0 3.92692 0.651693 -0.2151
16741 4.92 0 3.92692 0.651664 -0.215108
16775 4.93 0 3.92692 0.651628 -0.215121
16809 4.94 0 3.92692 0.65159 -0.215139
16843 4.95 0 3.92692 0.651544 -0.215163
16877 4.96 0 3.92692 0.651495 -0.215193
16911 4.97 0 3.92693 0.651443 -0.21523
16945 4.98 0 3.92692 0.651385 -0.215271
16979 4.99 0 3.92692 0.651326 -0.215317
17013 5 0 3.92693 0.65126 -0.21537
17047 5.01 0 3.92691 0.651192 -0.215428
17081 5.02 0 3.92691 0.651117 -0.21549
17115 5.03 0 3.92691 0.651039 -0.215556
17149 5.04 0 3.92693 0.650959 -0.215634
17183 5.05 0 3.92692 0.650874 -0.215713
17217 5.06 0 3.92692 0.650787 -0.215797
17251 5.07 0 3.92693 0.650693 -0.215887
17285 5.08 0 3.92693 0.650595 -0.21598
17319 5.09 0 3.92692 0.650494 -0.216081
17353 5.1 0 3.92693 0.650388 -0.21619
17387 5.11 0 3.92693 0.65028 -0.216303
17421 5.12 0 3.92693 0.650165 -0.216416
17455 5.13 0 3.92692 0.650049 -0.216539
17489 5.14 0 3.92691 0.649929 -0.216667
17523 5.15 0 3.92693 0.649803 -0.216798
17557 5.16 0 3.92692 0.649675 -0.216934
17591 5.17 0 3.92693 0.649544 -0.217079
17625 5.18 0 3.92692 0.649406 -0.217224
17659 5.19 0 3.92693 0.64927 -0.217377
17693 5.2 0 3.92693 0.649129 -0.217533
17727 5.21 0 3.92692 0.648983 -0.217693
17761 5.22 0 3.92692 0.64883 -0.217861
17795 5.23 0 3.92693 0.648676 -0.218033
17829 5.24 0 3.92694 0.648518 -0.21821
17863 5.25 0 3.92693 0.648358 -0.218392
17897 5.26 0 3.92693 0.648194 -0.218577
17931 5.27 0 3.92692 0.648026 -0.218767
17965 5.28 0 3.92692 0.647855 -0.218964
17999 5.29 0 3.92692 0.647679 -0.219164
18033 5.3 0 3.92692 0.6475 -0.219367
18067 5.31 0 3.92692 0.647317 -0.219577
18101 5.32 0 3.92692 0.64713 -0.219793
18135 5.33 0 3.92692 0.64694 -0.220009
18169 5.34 0 3.92692 0.646748 -0.220234
18203 5.35 0 3.92692 0.646554 -0.220464
18237 5.36 0 3.92693 0.646351 -0.220695
18271 5.37 0 3.92692 0.646147 -0.22093
18305 5.38 0 3.92693 0.64594 -0.22117
18339 5.39 0 3.92694 0.645729 -0.221415
18373 5.4 0 3.92693 0.645512 -0.221666
18407 5.41 0 3.92693 0.645297 -0.221922
18441 5.42 0 3.92693 0.645079 -0.222179
18475 5.43 0 3.92694 0.644855 -0.222439
18509 5.44 0 3.92693 0.644627 -0.222705
18543 5.45 0 3.92693 0.6444 -0.222974
18577 5.46 0 3.92692 0.644166 -0.223249
18611 5.47 0 3.92692 0.643929 -0.223528
18645 5.48 0 3.92693 0.643687 -0.223809
18679 5.49 0 3.92693 0.643442 -0.224096
18713 5.5 0 3.92693 0.643195 -0.224386
18747 5.51 0 3.92693 0.642942 -0.224679
18781 5.52 0 3.92692 0.642689 -0.224979
18815 5.53 0 3.92693 0.642432 -0.225282
18849 5.54 0 3.92693 0.642171 -0.225588
18883 5.55 0 3.92693 0.641909 -0.225899
18917 5.56 0 3.92693 0.641644 -0.226212
18951 5.57 0 3.92693 0.641371 -0.226531
18985 5.58 0 3.92694 0.641101 -0.226853
19019 5.59 0 3.92693 0.640825 -0.227182
19053 5.6 0 3.92693 0.640547 -0.227511
19087 5.61 0 3.92693 0.640266 -0.227844
19121 5.62 0 3.92694 0.639981 -0.228183
19155 5.63 0 3.92693 0.639693 -0.228525
19189 5.64 0 3.92693 0.639401 -0.228868
19223 5.65 0 3.92693 0.639109 -0.229216
19257 5.66 0 3.92693 0.638813 -0.229571
19291 5.67 0 3.92693 0.638513 -0.229926
19325 5.68 0 3.92693 0.63821 -0.230286
19359 5.69 0 3.92693 0.637904 -0.230649
19393 5.7 0 3.92693 0.637596 -0.231018
19427 5.71 0 3.92693 0.637286 -0.23139
19461 5.72 0 3.92693 0.63697 -0.231763
19495 5.73 0 3.92693 0.636653 -0.232141
19529 5.74 0 3.92693 0.636337 -0.232523
19563 5.75 0 3.92693 0.636016 -0.232905
19597 5.76 0 3.92693 0.635691 -0.233294
19631 5.77 0 3.92693 0.635365 -0.233686
19665 5.78 0 3.92693 0.635035 -0.234085
19699 5.79 0 3.92693 0.634702 -0.234483
19733 5.8 0 3.92693 0.634369 -0.234885
19767 5.81 0 3.92693 0.63403 -0.23529
19801 5.82 0 3.92692 0.633691 -0.235696
19835 5.83 0 3.92693 0.633349 -0.236109
19869 5.84 0 3.92694 0.633005 -0.236524
19903 5.85 0 3.92693 0.63266 -0.236939
19937 5.86 0 3.92694 0.632311 -0.237363
19971 5.87 0 3.92694 0.631959 -0.237785
20005 5.88 0 3.92693 0.631604 -0.238215
20039 5.89 0 3.92694 0.631248 -0.238647
20073 5.9 0 3.92693 0.630893 -0.239083
20107 5.91 0 3.92693 0.63053 -0.239521
20141 5.92 0 3.92693 0.630166 -0.23996
20175 5.93 0 3.92694 0.629802 -0.240402
20209 5.94 0 3.92694 0.629434 -0.240849
20243 5.95 0 3.92693 0.629067 -0.241298
20277 5.96 0 3.92693 0.628697 -0.241751
20311 5.97 0 3.92693 0.628324 -0.242208
20345 5.98 0 3.92692 0.627953 -0.242665
20379 5.99 0 3.92692 0.627578 -0.243129
20413 6 0 3.92694 0.6272 -0.243592
20447 6.01 0 3.92693 0.626818 -0.24406
20481 6.02 0 3.92694 0.626436 -0.244527
20515 6.03 0 3.92694 0.626055 -0.245001
20549 6.04 0 3.92693 0.625668 -0.245474
20583 6.05 0 3.92694 0.625285 -0.245954
20617 6.06 0 3.92695 0.624897 -0.246434
20651 6.07 0 3.92694 0.624508 -0.246919
20685 6.08 0 3.92695 0.624118 -0.247404
20719 6.09 0 3.92694 0.623727 -0.247893
20753 6.1 0 3.92694 0.623334 -0.248385
20787 6.11 0 3.92694 0.622941 -0.248879
20821 6.12 0 3.92694 0.622545 -0.249374
20855 6.13 0 3.92693 0.622146 -0.249876
20889 6.14 0 3.92694 0.621745 -0.250379
20923 6.15 0 3.92695 0.621347 -0.250883
20957 6.16 0 3.92695 0.620947 -0.251391
20991 6.17 0 3.92695 0.620545 -0.251902
21025 6.18 0 3.92694 0.62014 -0.252415
21059 6.19 0 3.92694 0.619736 -0.252932
21093 6.2 0 3.92695 0.61933 -0.25345
21127 6.21 0 3.92694 0.618921 -0.253971
21161 6.22 0 3.92694 0.618512 -0.254497
21195 6.23 0 3.92694 0.618101 -0.255021
21229 6.24 0 3.92694 0.617693 -0.255549
21263 6.25 0 3.92695 0.61728 -0.256079
21297 6.26 0 3.92696 0.616866 -0.256612
21331 6.27 0 3.92695 0.616455 -0.257148
21365 6.28 0 3.92695 0.616037 -0.257684
21399 6.29 0 3.92695 0.615624 -0.258227
21433 6.3 0 3.92695 0.615208 -0.258768
21467 6.31 0 3.92694 0.61479 -0.259313
21501 6.32 0 3.92694 0.614374 -0.259859
21535 6.33 0 3.92694 0.613955 -0.26041
21569 6.34 0 3.92695 0.613535 -0.260965
21603 6.35 0 3.92695 0.613117 -0.261518
21637 6.36 0 3.92694 0.612696 -0.262075
21671 6.37 0 3.92694 0.612277 -0.262635
21705 6.38 0 3.92694 0.611853 -0.263193
21739 6.39 0 3.92694 0.611432 -0.263758
21773 6.4 0 3.92694 0.611005 -0.264325
21807 6.41 0 3.92693 0.610583 -0.264891
21841 6.42 0 3.92694 0.610162 -0.265461
21875 6.43 0 3.92694 0.609735 -0.26603
21909 6.44 0 3.92694 0.609312 -0.266607
21943 6.45 0 3.92694 0.608889 -0.267185
21977 6.46 0 3.92695 0.608462 -0.267763
22011 6.47 0 3.92694 0.608038 -0.268347
22045 6.48 0 3.92694 0.607612 -0.268928
22079 6.49 0 3.92694 0.607187 -0.269513
22113 6.5 0 3.92695 0.606758 -0.2701
22147 6.51 0 3.92694 0.606332 -0.270691
22181 6.52 0 3.92695 0.605908 -0.271281
22215 6.53 0 3.92696 0.605482 -0.271876
22249 6.54 0 3.92695 0.605055 -0.272471
22283 6.55 0 3.92695 0.604628 -0.273066
22317 6.56 0 3.92695 0.604204 -0.273665
22351 6.57 0 3.92695 0.603776 -0.274268
22385 6.58 0 3.92695 0.603351 -0.274869
22419 6.59 0 3.92696 0.602928 -0.275474
22453 6.6 0 3.92695 0.602504 -0.276078
22487 6.61 0 3.92695 0.60208 -0.276688
22521 6.62 0 3.92695 0.601655 -0.277299
22555 6.63 0 3.92695 0.601232 -0.277912
22589 6.64 0 3.92695 0.600812 -0.278525
22623 6.65 0 3.92695 0.600389 -0.27914
22657 6.66 0 3.92694 0.599964 -0.279756
22691 6.67 0 3.92695 0.599544 -0.280374
22725 6.68 0 3.92696 0.599123 -0.280993
22759 6.69 0 3.92695 0.598702 -0.281616
22793 6.7 0 3.92695 0.598282 -0.282242
22827 6.71 0 3.92695 0.597863 -0.282865
22861 6.72 0 3.92694 0.597444 -0.283491
22895 6.73 0 3.92694 0.597026 -0.284118
22929 6.74 0 3.92694 0.596609 -0.284746
22963 6.75 0 3.92695 0.596194 -0.285379
22997 6.76 0 3.92695 0.595778 -0.286011
23031 6.77 0 3.92695 0.595363 -0.286644
23065 6.78 0 3.92695 0.59495 -0.287281
23099 6.79 0 3.92694 0.594534 -0.28792
23133 6.8 0 3.92694 0.594122 -0.288558
23167 6.81 0 3.92696 0.593712 -0.289198
23201 6.82 0 3.92696 0.593303 -0.289837
23235 6.83 0 3.92695 0.592893 -0.290482
23269 6.84 0 3.92694 0.592486 -0.291125
23303 6.85 0 3.92695 0.592079 -0.29177
23337 6.86 0 3.92695 0.59167 -0.292415
23371 6.87 0 3.92695 0.591265 -0.293066
23405 6.88 0 3.92695 0.590861 -0.293716
23439 6.89 0 3.92695 0.590459 -0.294365
23473 6.9 0 3.92695 0.590056 -0.295021
23507 6.91 0 3.92695 0.589655 -0.295672
23541 6.92 0 3.92694 0.589256 -0.296326
23575 6.93 0 3.92695 0.588855 -0.296985
23609 6.94 0 3.92695 0.588461 -0.29764
23643 6.95 0 3.92696 0.588062 -0.298299
23677 6.96 0 3.92696 0.587668 -0.298956
23711 6.97 0 3.92696 0.587274 -0.299617
23745 6.98 0 3.92696 0.58688 -0.300278
23779 6.99 0 3.92696 0.58649 -0.300944
23813 7 0 3.92696 0.586099 -0.301607
23847 7.01 0 3.92696 0.585711 -0.302271
23881 7.02 0 3.92695 0.585324 -0.302937
23915 7.03 0 3.92695 0.584938 -0.303605
23949 7.04 0 3.92695 0.584557 -0.304274
23983 7.05 0 3.92695 0.584176 -0.304941
24017 7.06 0 3.92695 0.583795 -0.305609
24051 7.07 0 3.92695 0.583418 -0.306278
24085 7.08 0 3.92696 0.583043 -0.306949
24119 7.09 0 3.92696 0.582666 -0.307625
24153 7.1 0 3.92696 0.582294 -0.308298
24187 7.11 0 3.92695 0.581925 -0.308972
24221 7.12 0 3.92697 0.581554 -0.309649
24255 7.13 0 3.92696 0.581188 -0.310327
24289 7.14 0 3.92696 0.580822 -0.311003
24323 7.15 0 3.92695 0.580458 -0.311681
24357 7.16 0 3.92695 0.580096 -0.312359
24391 7.17 0 3.92695 0.579737 -0.313038
24425 7.18 0 3.92695 0.579379 -0.31372
24459 7.19 0 3.92695 0.579024 -0.3144
24493 7.2 0 3.92696 0.578669 -0.315083
24527 7.21 0 3.92696 0.578318 -0.315767
24561 7.22 0 3.92696 0.577969 -0.316448
24595 7.23 0 3.92696 0.57762 -0.317132
24629 7.24 0 3.92696 0.577273 -0.317817
24663 7.25 0 3.92696 0.576929 -0.318501
24697 7.26 0 3.92696 0.576589 -0.319185
24731 7.27 0 3.92696 0.576249 -0.319869
24765 7.28 0 3.92697 0.575911 -0.320556
24799 7.29 0 3.92696 0.575575 -0.32124
24833 7.3 0 3.92697 0.575241 -0.321927
24867 7.31 0 3.92697 0.574909 -0.322615
24901 7.32 0 3.92697 0.57458 -0.323303
24935 7.33 0 3.92697 0.574253 -0.323992
24969 7.34 0 3.92697 0.573931 -0.324679
25003 7.35 0 3.92697 0.573607 -0.325367
25037 7.36 0 3.92697 0.573287 -0.326056
25071 7.37 0 3.92697 0.57297 -0.326743
25105 7.38 0 3.92697 0.572655 -0.327432
25139 7.39 0 3.92697 0.57234 -0.328123
25173 7.4 0 3.92697 0.57203 -0.328813
25207 7.41 0 3.92697 0.571722 -0.329504
25241 7.42 0 3.92697 0.571414 -0.330193
25275 7.43 0 3.92697 0.57111 -0.330882
25309 7.44 0 3.92697 0.570806 -0.33157
25343 7.45 0 3.92697 0.570505 -0.332266
25377 7.46 0 3.92697 0.570206 -0.332953
25411 7.47 0 3.92697 0.569911 -0.333643
25445 7.48 0 3.92696 0.569619 -0.334332
25479 7.49 0 3.92697 0.569327 -0.335025
25513 7.5 0 3.92698 0.569039 -0.335719
25547 7.51 0 3.92697 0.568753 -0.336409
25581 7.52 0 3.92697 0.56847 -0.337098
25615 7.53 0 3.92698 0.568189 -0.33779
25649 7.54 0 3.92697 0.567912 -0.33848
25683 7.55 0 3.92696 0.567636 -0.339176
25717 7.56 0 3.92696 0.567363 -0.339868
25751 7.57 0 3.92697 0.567092 -0.340556
25785 7.58 0 3.92696 0.566821 -0.341243
25819 7.59 0 3.92696 0.566555 -0.341935
25853 7.6 0 3.92696 0.566291 -0.342629
25887 7.61 0 3.92697 0.566033 -0.343317
25921 7.62 0 3.92696 0.565774 -0.344007
25955 7.63 0 3.92697 0.565518 -0.344697
25989 7.64 0 3.92698 0.565265 -0.345384
26023 7.65 0 3.92697 0.565013 -0.346075
26057 7.66 0 3.92697 0.564766 -0.346761
26091 7.67 0 3.92697 0.564519 -0.347452
26125 7.68 0 3.92698 0.564275 -0.348137
26159 7.69 0 3.92696 0.564033 -0.348825
26193 7.7 0 3.92697 0.563795 -0.349514
26227 7.71 0 3.92697 0.56356 -0.350199
26261 7.72 0 3.92698 0.563328 -0.350885
26295 7.73 0 3.92698 0.563095 -0.351569
26329 7.74 0 3.92699 0.562866 -0.352254
26363 7.75 0 3.92698 0.562642 -0.352937
26397 7.76 0 3.92697 0.562417 -0.353625
26431 7.77 0 3.92697 0.562194 -0.354309
26465 7.78 0 3.92698 0.561976 -0.35499
26499 7.79 0 3.92697 0.561763 -0.355673
26533 7.8 0 3.92697 0.561547 -0.356352
26567 7.81 0 3.92697 0.561335 -0.357032
26601 7.82 0 3.92697 0.561129 -0.35771
26635 7.83 0 3.92697 0.560923 -0.358389
26669 7.84 0 3.92697 0.560719 -0.35907
26703 7.85 0 3.92697 0.560519 -0.359747
26737 7.86 0 3.92697 0.560323 -0.360423
26771 7.87 0 3.92697 0.560129 -0.3611
26805 7.88 0 3.92697 0.559937 -0.361776
26839 7.89 0 3.92697 0.559748 -0.36245
26873 7.9 0 3.92698 0.559561 -0.363127
26907 7.91 0 3.92697 0.559378 -0.363799
26941 7.92 0 3.92697 0.559197 -0.364471
26975 7.93 0 3.92698 0.559017 -0.365142
27009 7.94 0 3.92697 0.55884 -0.365814
27043 7.95 0 3.92697 0.558668 -0.366484
27077 7.96 0 3.92697 0.558495 -0.367149
27111 7.97 0 3.92698 0.558328 -0.367818
27145 7.98 0 3.92698 0.558161 -0.368485
27179 7.99 0 3.92698 0.557998 -0.369148
27213 8 0 3.92698 0.557837 -0.369812
27247 8.01 0 3.92698 0.557679 -0.370473
27281 8.02 0 3.92697 0.557523 -0.371137
27315 8.03 0 3.92697 0.55737 -0.371794
27349 8.04 0 3.92698 0.557217 -0.372453
27383 8.05 0 3.92699 0.557067 -0.373111
27417 8.06 0 3.92698 0.556922 -0.373764
27451 8.07 0 3.92698 0.556779 -0.374419
27485 8.08 0 3.92698 0.556637 -0.37507
27519 8.09 0 3.92698 0.5565 -0.375723
27553 8.1 0 3.92697 0.556364 -0.376374
27587 8.11 0 3.92696 0.556229 -0.377022
27621 8.12 0 3.92698 0.556098 -0.377671
27655 8.13 0 3.92698 0.55597 -0.378314
27689 8.14 0 3.92698 0.55584 -0.378958
27723 8.15 0 3.92698 0.555717 -0.379603
27757 8.16 0 3.92698 0.555594 -0.380243
27791 8.17 0 3.92698 0.555473 -0.380885
27825 8.18 0 3.92698 0.555356 -0.381522
27859 8.19 0 3.92698 0.55524 -0.382157
27893 8.2 0 3.92698 0.555125 -0.382793
27927 8.21 0 3.92698 0.555015 -0.383427
27961 8.22 0 3.92697 0.554907 -0.384054
27995 8.23 0 3.92698 0.554799 -0.384692
28029 8.24 0 3.92698 0.554695 -0.385322
28063 8.25 0 3.92698 0.554596 -0.385949
28097 8.26 0 3.92698 0.554496 -0.386575
28131 8.27 0 3.92698 0.554398 -0.3872
28165 8.28 0 3.92698 0.554305 -0.387824
28199 8.29 0 3.92698 0.554214 -0.388446
28233 8.3 0 3.92698 0.554122 -0.389065
28267 8.31 0 3.92698 0.554036 -0.389681
28301 8.32 0 3.92698 0.553951 -0.390299
28335 8.33 0 3.92698 0.553871 -0.390913
28369 8.34 0 3.92698 0.553789 -0.39153
28403 8.35 0 3.92697 0.553712 -0.392144
28437 8.36 0 3.92697 0.553638 -0.392753
28471 8.37 0 3.92698 0.553569 -0.393366
28505 8.38 0 3.92698 0.553502 -0.393972
28539 8.39 0 3.92698 0.553433 -0.394579
28573 8.4 0 3.92699 0.553368 -0.395184
28607 8.41 0 3.92699 0.553305 -0.395786
28641 8.42 0 3.92699 0.553245 -0.396387
28675 8.43 0 3.92698 0.553187 -0.396989
28709 8.44 0 3.92698 0.553131 -0.397589
28743 8.45 0 3.92698 0.553077 -0.398184
28777 8.46 0 3.92698 0.553025 -0.398778
28811 8.47 0 3.92699 0.552975 -0.399371
28845 8.48 0 3.92698 0.552927 -0.399962
28879 8.49 0 3.92697 0.552881 -0.400554
28913 8.5 0 3.92697 0.552838 -0.40114
28947 8.51 0 3.92698 0.552797 -0.401724
28981 8.52 0 3.92698 0.552759 -0.402306
29015 8.53 0 3.92698 0.55272 -0.402887
29049 8.54 0 3.92698 0.552684 -0.403467
29083 8.55 0 3.92698 0.552649 -0.404044
29117 8.56 0 3.92698 0.552619 -0.404618
29151 8.57 0 3.92699 0.552591 -0.405194
29185 8.58 0 3.92699 0.552563 -0.405768
29219 8.59 0 3.92698 0.552538 -0.406335
29253 8.6 0 3.92699 0.552514 -0.406904
29287 8.61 0 3.92698 0.552495 -0.407469
29321 8.62 0 3.92698 0.552474 -0.408033
29355 8.63 0 3.92699 0.552457 -0.408595
29389 8.64 0 3.92698 0.552444 -0.409156
29423 8.65 0 3.92698 0.552433 -0.409714
29457 8.66 0 3.92698 0.552421 -0.410271
29491 8.67 0 3.92699 0.552413 -0.410824
29525 8.68 0 3.92699 0.552406 -0.411376
29559 8.69 0 3.92698 0.552401 -0.411925
29593 8.7 0 3.92699 0.552399 -0.412475
29627 8.71 0 3.92698 0.552396 -0.413021
29661 8.72 0 3.92698 0.552397 -0.413563
29695 8.73 0 3.92697 0.552399 -0.414104
29729 8.74 0 3.92697 0.552404 -0.414642
29763 8.75 0 3.92697 0.55241 -0.415177
29797 8.76 0 3.92699 0.552417 -0.415711
29831 8.77 0 3.92698 0.552427 -0.416243
29865 8.78 0 3.92698 0.552439 -0.416771
29899 8.79 0 3.92698 0.552451 -0.4173
29933 8.8 0 3.92699 0.552467 -0.417826
29967 8.81 0 3.92699 0.552484 -0.41835
30001 8.82 0 3.927 0.552503 -0.418873
30035 8.83 0 3.92699 0.552525 -0.419393
30069 8.84 0 3.92699 0.552547 -0.41991
30103 8.85 0 3.92699 0.552573 -0.420425
30137 8.86 0 3.92699 0.5526 -0.420937
30171 8.87 0 3.92698 0.552625 -0.421449
30205 8.88 0 3.92698 0.552655 -0.421959
30239 8.89 0 3.92699 0.552686 -0.422463
30273 8.9 0 3.92698 0.552719 -0.422965
30307 8.91 0 3.92699 0.552755 -0.423466
30341 8.92 0 3.92699 0.55279 -0.423963
30375 8.93 0 3.92699 0.552828 -0.424459
30409 8.94 0 3.92698 0.552865 -0.424954
30443 8.95 0 3.92699 0.552905 -0.425446
30477 8.96 0 3.92699 0.552947 -0.425934
30511 8.97 0 3.92699 0.55299 -0.426421
30545 8.98 0 3.92699 0.553034 -0.426905
30579 8.99 0 3.92699 0.553082 -0.427385
30613 9 0 3.92699 0.553128 -0.427866
30647 9.01 0 3.92698 0.55318 -0.428343
30681 9.02 0 3.92698 0.553232 -0.428816
30715 9.03 0 3.92697 0.553284 -0.429288
30749 9.04 0 3.92698 0.553338 -0.429756
30783 9.05 0 3.92697 0.553394 -0.430223
30817 9.06 0 3.92697 0.553449 -0.430689
30851 9.07 0 3.92697 0.553509 -0.431155
30885 9.08 0 3.92698 0.553569 -0.431615
30919 9.09 0 3.92699 0.55363 -0.432073
30953 9.1 0 3.92698 0.553693 -0.432526
30987 9.11 0 3.92699 0.553757 -0.432983
31021 9.12 0 3.92699 0.553822 -0.433434
31055 9.13 0 3.92699 0.553889 -0.433882
31089 9.14 0 3.92699 0.553957 -0.434329
31123 9.15 0 3.92699 0.554027 -0.434773
31157 9.16 0 3.92699 0.554098 -0.435216
31191 9.17 0 3.92699 0.55417 -0.435657
31225 9.18 0 3.92699 0.554242 -0.436093
31259 9.19 0 3.92698 0.554315 -0.436531
31293 9.2 0 3.92698 0.554392 -0.436962
31327 9.21 0 3.92698 0.554469 -0.437391
31361 9.22 0 3.92697 0.554547 -0.437821
31395 9.23 0 3.92699 0.554627 -0.438249
31429 9.24 0 3.92698 0.554705 -0.438671
31463 9.25 0 3.92699 0.554786 -0.439093
31497 9.26 0 3.92699 0.554867 -0.43951
31531 9.27 0 3.92699 0.554951 -0.439927
31565 9.28 0 3.92699 0.555035 -0.440341
31599 9.29 0 3.92699 0.55512 -0.440753
31633 9.3 0 3.92699 0.555205 -0.441161
31667 9.31 0 3.92699 0.555293 -0.441566
31701 9.32 0 3.92699 0.555382 -0.441972
31735 9.33 0 3.92698 0.555473 -0.442374
31769 9.34 0 3.92698 0.555563 -0.442772
31803 9.35 0 3.92698 0.555655 -0.443171
31837 9.36 0 3.92698 0.555745 -0.443566
31871 9.37 0 3.92699 0.555838 -0.443963
31905 9.38 0 3.92699 0.555932 -0.444353
31939 9.39 0 3.92698 0.556026 -0.444745
31973 9.4 0 3.92698 0.556124 -0.445134
32007 9.41 0 3.92698 0.556223 -0.445518
32041 9.42 0 3.92697 0.55632 -0.4459
32075 9.43 0 3.92697 0.556419 -0.446281
32109 9.44 0 3.92698 0.556522 -0.446661
32143 9.45 0 3.92698 0.556624 -0.447039
32177 9.46 0 3.92698 0.556727 -0.447416
32211 9.47 0 3.92698 0.55683 -0.447793
32245 9.48 0 3.92698 0.556936 -0.448163
32279 9.49 0 3.92698 0.557041 -0.448534
32313 9.5 0 3.92698 0.557147 -0.448902
32347 9.51 0 3.92699 0.557253 -0.449267
32381 9.52 0 3.92698 0.557361 -0.449631
32415 9.53 0 3.92698 0.557472 -0.449995
32449 9.54 0 3.92699 0.557583 -0.450357
32483 9.55 0 3.92699 0.557694 -0.450715
32517 9.56 0 3.92699 0.557806 -0.451072
32551 9.57 0 3.92699 0.557917 -0.451429
32585 9.58 0 3.92699 0.55803 -0.451782
32619 9.59 0 3.92699 0.558143 -0.452134
32653 9.6 0 3.927 0.558258 -0.452485
32687 9.61 0 3.92699 0.558373 -0.452833
32721 9.62 0 3.92699 0.55849 -0.45318
32755 9.63 0 3.92699 0.558606 -0.453525
32789 9.64 0 3.92699 0.558724 -0.453868
32823 9.65 0 3.92698 0.558842 -0.454208
32857 9.66 0 3.92698 0.558962 -0.454549
32891 9.67 0 3.92698 0.55908 -0.454886
32925 9.68 0 3.92699 0.5592 -0.455221
32959 9.69 0 3.92698 0.559321 -0.455555
32993 9.7 0 3.92698 0.55944 -0.455888
33027 9.71 0 3.92697 0.559562 -0.456219
33061 9.72 0 3.92697 0.559684 -0.456548
33095 9.73 0 3.92697 0.559808 -0.456876
33129 9.74 0 3.92698 0.559929 -0.457201
33163 9.75 0 3.92698 0.560054 -0.457525
33197 9.76 0 3.92698 0.560178 -0.457845
33231 9.77 0 3.92698 0.560303 -0.458165
33265 9.78 0 3.92697 0.560428 -0.458482
33299 9.79 0 3.92697 0.560554 -0.458798
33333 9.8 0 3.92698 0.560678 -0.459112
33367 9.81 0 3.92698 0.560805 -0.459426
33401 9.82 0 3.92697 0.560931 -0.459736
33435 9.83 0 3.92697 0.561058 -0.460043
33469 9.84 0 3.92698 0.561187 -0.460347
33503 9.85 0 3.92698 0.561316 -0.460652
33537 9.86 0 3.92698 0.561446 -0.460955
33571 9.87 0 3.92698 0.561576 -0.461256
33605 9.88 0 3.92698 0.561706 -0.461555
33639 9.89 0 3.92698 0.561835 -0.461851
33673 9.9 0 3.92699 0.561966 -0.462148
33707 9.91 0 3.92699 0.562096 -0.462441
33741 9.92 0 3.92699 0.562228 -0.462733
33775 9.93 0 3.92699 0.56236 -0.463023
33809 9.94 0 3.92699 0.562492 -0.46331
33843 9.95 0 3.927 0.562624 -0.463597
33877 9.96 0 3.92699 0.562757 -0.463881
33911 9.97 0 3.92699 0.562889 -0.464164
33945 9.98 0 3.92698 0.563021 -0.464446
33979 9.99 0 3.92698 0.563156 -0.464727
34013 10 0 3.92698 0.563292 -0.465006
34047 10.01 0 3.92697 0.563427 -0.465283
34081 10.02 0 3.92698 0.56356 -0.465558
34115 10.03 0 3.92697 0.563697 -0.465831
34149 10.04 0 3.92698 0.563832 -0.4661
34183 10.05 0 3.92698 0.563968 -0.46637
34217 10.06 0 3.92698 0.564104 -0.466639
34251 10.07 0 3.92698 0.56424 -0.466903
34285 10.08 0 3.92698 0.564379 -0.467168
34319 10.09 0 3.92698 0.564516 -0.467429
34353 10.1 0 3.92698 0.564656 -0.46769
34387 10.11 0 3.92698 0.564795 -0.467948
34421 10.12 0 3.92697 0.564935 -0.468204
34455 10.13 0 3.92697 0.565076 -0.46846
34489 10.14 0 3.92697 0.565217 -0.468715
34523 10.15 0 3.92698 0.565361 -0.46897
34557 10.16 0 3.92698 0.565502 -0.469223
34591 10.17 0 3.92697 0.565643 -0.469472
34625 10.18 0 3.92697 0.565784 -0.469719
34659 10.19 0 3.92696 0.565927 -0.469967
34693 10.2 0 3.92697 0.56607 -0.470214
34727 10.21 0 3.92697 0.566213 -0.470459
34761 10.22 0 3.92698 0.566359 -0.470703
34795 10.23 0 3.92698 0.566504 -0.470944
34829 10.24 0 3.92698 0.566648 -0.471182
34863 10.25 0 3.92698 0.566791 -0.471419
34897 10.26 0 3.92698 0.566935 -0.471655
34931 10.27 0 3.92698 0.567079 -0.47189
34965 10.28 0 3.92698 0.567222 -0.472123
34999 10.29 0 3.92698 0.567369 -0.472355
35033 10.3 0 3.92698 0.567516 -0.472586
35067 10.31 0 3.92698 0.567663 -0.472815
35101 10.32 0 3.92698 0.567808 -0.473041
35135 10.33 0 3.92698 0.567953 -0.473265
35169 10.34 0 3.92698 0.568099 -0.47349
35203 10.35 0 3.92698 0.568245 -0.473713
35237 10.36 0 3.92698 0.568391 -0.473932
35271 10.37 0 3.92698 0.568537 -0.47415
35305 10.38 0 3.92697 0.568683 -0.474367
35339 10.39 0 3.92697 0.568832 -0.474585
35373 10.4 0 3.92698 0.568979 -0.474801
35407 10.41 0 3.92698 0.569125 -0.475013
35441 10.42 0 3.92698 0.569272 -0.475224
35475 10.43 0 3.92698 0.569419 -0.475434
35509 10.44 0 3.92697 0.569566 -0.475645
35543 10.45 0 3.92697 0.569715 -0.475854
35577 10.46 0 3.92698 0.569861 -0.476058
35611 10.47 0 3.92697 0.570008 -0.476263
35645 10.48 0 3.92697 0.570155 -0.476467
35679 10.49 0 3.92697 0.570302 -0.476669
35713 10.5 0 3.92697 0.570449 -0.476872
35747 10.51 0 3.92697 0.570597 -0.477072
35781 10.52 0 3.92697 0.570746 -0.477271
35815 10.53 0 3.92696 0.570895 -0.477469
35849 10.54 0 3.92696 0.571041 -0.477665
35883 10.55 0 3.92696 0.571186 -0.477861
35917 10.56 0 3.92697 0.571333 -0.478055
35951 10.57 0 3.92697 0.57148 -0.478249
35985 10.58 0 3.92698 0.571627 -0.478441
36019 10.59 0 3.92698 0.571774 -0.478631
36053 10.6 0 3.92698 0.57192 -0.47882
36087 10.61 0 3.92697 0.572066 -0.479006
36121 10.62 0 3.92698 0.572212 -0.479194
36155 10.63 0 3.92698 0.572358 -0.479379
36189 10.64 0 3.92698 0.572505 -0.479564
36223 10.65 0 3.92698 0.572651 -0.479748
36257 10.66 0 3.92698 0.572797 -0.479929
36291 10.67 0 3.92698 0.572943 -0.480109
36325 10.68 0 3.92698 0.573088 -0.480288
36359 10.69 0 3.92699 0.573234 -0.480466
36393 10.7 0 3.92698 0.57338 -0.480642
36427 10.71 0 3.92698 0.573525 -0.480819
36461 10.72 0 3.92698 0.573669 -0.480993
36495 10.73 0 3.92698 0.573814 -0.481167
36529 10.74 0 3.92698 0.573959 -0.481339
36563 10.75 0 3.92698 0.574104 -0.481511
36597 10.76 0 3.92698 0.574249 -0.481682
36631 10.77 0 3.92698 0.574393 -0.48185
36665 10.78 0 3.92698 0.574538 -0.482021
36699 10.79 0 3.92698 0.574682 -0.482187
36733 10.8 0 3.92698 0.574827 -0.482355
36767 10.81 0 3.92699 0.574971 -0.482519
36801 10.82 0 3.92698 0.575113 -0.482683
36835 10.83 0 3.92698 0.575258 -0.482846
36869 10.84 0 3.92698 0.575401 -0.483007
36903 10.85 0 3.92698 0.575544 -0.483166
36937 10.86 0 3.92698 0.575688 -0.483328
36971 10.87 0 3.92698 0.575831 -0.483486
37005 10.88 0 3.92698 0.575975 -0.483646
37039 10.89 0 3.92698 0.576118 -0.483804
37073 10.9 0 3.92698 0.57626 -0.483959
37107 10.91 0 3.92698 0.576403 -0.484114
37141 10.92 0 3.92698 0.576548 -0.48427
37175 10.93 0 3.92698 0.576692 -0.484424
37209 10.94 0 3.92698 0.576834 -0.484577
37243 10.95 0 3.92698 0.576976 -0.48473
37277 10.96 0 3.92698 0.577119 -0.484882
37311 10.97 0 3.92698 0.57726 -0.485031
37345 10.98 0 3.92698 0.577401 -0.48518
37379 10.99 0 3.92698 0.577542 -0.485327
37413 11 0 3.92698 0.577685 -0.485476
37447 11.01 0 3.92698 0.577825 -0.485621
37481 11.02 0 3.92698 0.577966 -0.485766
37515 11.03 0 3.92698 0.578106 -0.48591
37549 11.04 0 3.92698 0.578245 -0.486053
37583 11.05 0 3.92697 0.578385 -0.486196
37617 11.06 0 3.92698 0.578525 -0.486338
37651 11.07 0 3.92697 0.578665 -0.486478
37685 11.08 0 3.92697 0.578804 -0.486617
37719 11.09 0 3.92697 0.578943 -0.486756
37753 11.1 0 3.92698 0.579085 -0.486895
37787 11.11 0 3.92698 0.579222 -0.487032
37821 11.12 0 3.92697 0.579362 -0.48717
37855 11.13 0 3.92697 0.5795 -0.487304
37889 11.14 0 3.92697 0.579638 -0.487441
37923 11.15 0 3.92697 0.579774 -0.487574
37957 11.16 0 3.92697 0.57991 -0.487706
37991 11.17 0 3.92697 0.580046 -0.487837
38025 11.18 0 3.92697 0.580182 -0.487967
38059 11.19 0 3.92697 0.580317 -0.488097
38093 11.2 0 3.92697 0.580452 -0.488226
38127 11.21 0 3.92697 0.580587 -0.488353
38161 11.22 0 3.92697 0.580721 -0.488483
38195 11.23 0 3.92697 0.580855 -0.48861
38229 11.24 0 3.92698 0.580989 -0.488737
38263 11.25 0 3.92698 0.581121 -0.488861
38297 11.26 0 3.92698 0.581253 -0.488984
38331 11.27 0 3.92698 0.581385 -0.489106
38365 11.28 0 3.92698 0.581516 -0.489227
38399 11.29 0 3.92698 0.581648 -0.489349
38433 11.3 0 3.92698 0.581778 -0.489469
38467 11.31 0 3.92698 0.581909 -0.489588
38501 11.32 0 3.92698 0.582039 -0.489706
38535 11.33 0 3.92697 0.582169 -0.489825
38569 11.34 0 3.92697 0.582298 -0.489942
38603 11.35 0 3.92698 0.582428 -0.49006
38637 11.36 0 3.92698 0.582557 -0.490176
38671 11.37 0 3.92698 0.582685 -0.490291
38705 11.38 0 3.92698 0.582814 -0.490406
38739 11.39 0 3.92697 0.582942 -0.490521
38773 11.4 0 3.92698 0.583069 -0.490634
38807 11.41 0 3.92698 0.583196 -0.490747
38841 11.42 0 3.92698 0.583322 -0.490859
38875 11.43 0 3.92698 0.583448 -0.49097
38909 11.44 0 3.92697 0.583572 -0.491079
38943 11.45 0 3.92698 0.583698 -0.491188
38977 11.46 0 3.92697 0.583821 -0.491296
39011 11.47 0 3.92698 0.583945 -0.491405
39045 11.48 0 3.92698 0.584069 -0.491513
39079 11.49 0 3.92697 0.584193 -0.491621
39113 11.5 0 3.92697 0.584316 -0.491729
39147 11.51 0 3.92698 0.584438 -0.491835
39181 11.52 0 3.92698 0.58456 -0.491941
39215 11.53 0 3.92698 0.58468 -0.492045
39249 11.54 0 3.92698 0.5848 -0.49215
39283 11.55 0 3.92698 0.58492 -0.492254
39317 11.56 0 3.92698 0.58504 -0.492357
39351 11.57 0 3.92698 0.585159 -0.49246
39385 11.58 0 3.92698 0.585278 -0.492563
39419 11.59 0 3.92698 0.585397 -0.492665
39453 11.6 0 3.92698 0.585515 -0.492767
39487 11.61 0 3.92698 0.585634 -0.492869
39521 11.62 0 3.92698 0.58575 -0.492968
39555 11.63 0 3.92698 0.585867 -0.493067
39589 11.64 0 3.92698 0.585982 -0.493165
39623 11.65 0 3.92698 0.586097 -0.493264
39657 11.66 0 3.92698 0.586211 -0.493363
39691 11.67 0 3.92697 0.586327 -0.493462
39725 11.68 0 3.92697 0.58644 -0.493558
39759 11.69 0 3.92697 0.586553 -0.493654
39793 11.7 0 3.92697 0.586665 -0.493749
39827 11.71 0 3.92697 0.586777 -0.493844
39861 11.72 0 3.92697 0.586889 -0.49394
39895 11.73 0 3.92697 0.587 -0.494035
39929 11.74 0 3.92697 0.587109 -0.494129
39963 11.75 0 3.92698 0.58722 -0.494223
39997 11.76 0 3.92697 0.587329 -0.494317
40031 11.77 0 3.92698 0.587438 -0.494409
40065 11.78 0 3.92697 0.587546 -0.4945
40099 11.79 0 3.92698 0.587654 -0.494594
40133 11.8 0 3.92698 0.58776 -0.494685
40167 11.81 0 3.92698 0.587868 -0.494777
40201 11.82 0 3.92697 0.587974 -0.494867
40235 11.83 0 3.92697 0.588081 -0.494958
40269 11.84 0 3.92697 0.588185 -0.495048
40303 11.85 0 3.92697 0.58829 -0.495137
40337 11.86 0 3.92697 0.588394 -0.495227
40371 11.87 0 3.92697 0.588496 -0.495316
40405 11.88 0 3.92697 0.588598 -0.495403
40439 11.89 0 3.92697 0.5887 -0.495491
40473 11.9 0 3.92697 0.588803 -0.495578
40507 11.91 0 3.92698 0.588905 -0.495666
40541 11.92 0 3.92698 0.589006 -0.495753
40575 11.93 0 3.92698 0.589106 -0.495838
40609 11.94 0 3.92698 0.589206 -0.495924
40643 11.95 0 3.92698 0.589304 -0.496009
40677 11.96 0 3.92698 0.589403 -0.496094
40711 11.97 0 3.92698 0.589502 -0.496178
40745 11.98 0 3.92698 0.5896 -0.496261
40779 11.99 0 3.92698 0.589696 -0.496346
40813 12 0 3.92698 0.589793 -0.49643
40847 12.01 0 3.92697 0.589888 -0.496513
40881 12.02 0 3.92698 0.589984 -0.496595
40915 12.03 0 3.92698 0.590078 -0.496678
40949 12.04 0 3.92697 0.590173 -0.496761
40983 12.05 0 3.92698 0.590266 -0.496843
41017 12.06 0 3.92698 0.59036 -0.496926
41051 12.07 0 3.92697 0.590452 -0.497007
41085 12.08 0 3.92697 0.590544 -0.497088
41119 12.09 0 3.92698 0.590634 -0.497169
41153 12.1 0 3.92697 0.590726 -0.497251
41187 12.11 0 3.92697 0.590816 -0.49733
41221 12.12 0 3.92697 0.590906 -0.497411
41255 12.13 0 3.92697 0.590995 -0.497491
41289 12.14 0 3.92697 0.591084 -0.497571
41323 12.15 0 3.92697 0.591172 -0.49765
41357 12.16 0 3.92697 0.591259 -0.497729
41391 12.17 0 3.92697 0.591345 -0.497808
41425 12.18 0 3.92698 0.591431 -0.497887
41459 12.19 0 3.92697 0.591517 -0.497966
41493 12.2 0 3.92697 0.591602 -0.498044
41527 12.21 0 3.92697 0.591688 -0.498122
41561 12.22 0 3.92697 0.591773 -0.4982
41595 12.23 0 3.92697 0.591857 -0.498278
41629 12.24 0 3.92697 0.59194 -0.498355
41663 12.25 0 3.92697 0.592025 -0.498434
41697 12.26 0 3.92697 0.592107 -0.498511
41731 12.27 0 3.92697 0.592189 -0.498589
41765 12.28 0 3.92697 0.592271 -0.498667
41799 12.29 0 3.92697 0.592351 -0.498745
41833 12.3 0 3.92697 0.592432 -0.498821
41867 12.31 0 3.92697 0.592511 -0.498898
41901 12.32 0 3.92697 0.59259 -0.498974
41935 12.33 0 3.92697 0.592669 -0.499051
41969 12.34 0 3.92697 0.592748 -0.499127
42003 12.35 0 3.92697 0.592828 -0.499203
42037 12.36 0 3.92697 0.592905 -0.499278
42071 12.37 0 3.92697 0.592983 -0.499354
42105 12.38 0 3.92697 0.59306 -0.499429
42139 12.39 0 3.92697 0.593136 -0.499504
42173 12.4 0 3.92697 0.593212 -0.499578
42207 12.41 0 3.92697 0.593286 -0.499653
42241 12.42 0 3.92697 0.593361 -0.499727
42275 12.43 0 3.92697 0.593436 -0.499801
42309 12.44 0 3.92697 0.593509 -0.499875
42343 12.45 0 3.92697 0.593582 -0.499948
42377 12.46 0 3.92697 0.593656 -0.500022
42411 12.47 0 3.92697 0.593728 -0.500095
42445 12.48 0 3.92697 0.5938 -0.500168
42479 12.49 0 3.92697 0.593871 -0.500241
42513 12.5 0 3.92697 0.593942 -0.500313
42547 12.51 0 3.92697 0.594011 -0.500385
42581 12.52 0 3.92697 0.59408 -0.500457
42615 12.53 0 3.92697 0.59415 -0.500528
42649 12.54 0 3.92697 0.594217 -0.5006
42683 12.55 0 3.92697 0.594283 -0.500671
42717 12.56 0 3.92697 0.59435 -0.500742
42751 12.57 0 3.92697 0.594416 -0.500813
42785 12.58 0 3.92697 0.594482 -0.500883
42819 12.59 0 3.92697 0.594548 -0.500952
42853 12.6 0 3.92696 0.594613 -0.501021
42887 12.61 0 3.92697 0.594676 -0.50109
42921 12.62 0 3.92697 0.59474 -0.501162
42955 12.63 0 3.92697 0.594803 -0.50123
42989 12.64 0 3.92697 0.594864 -0.501299
43023 12.65 0 3.92697 0.594926 -0.501369
43057 12.66 0 3.92697 0.594987 -0.501437
43091 12.67 0 3.92697 0.595048 -0.501504
43125 12.68 0 3.92697 0.595107 -0.501572
43159 12.69 0 3.92697 0.595165 -0.50164
43193 12.7 0 3.92697 0.595223 -0.501707
43227 12.71 0 3.92696 0.595282 -0.501775
43261 12.72 0 3.92696 0.59534 -0.501843
43295 12.73 0 3.92696 0.595396 -0.50191
43329 12.74 0 3.92697 0.595452 -0.501977
43363 12.75 0 3.92697 0.595507 -0.502043
43397 12.76 0 3.92697 0.595563 -0.50211
43431 12.77 0 3.92697 0.595617 -0.502178
43465 12.78 0 3.92697 0.59567 -0.502244
43499 12.79 0 3.92697 0.595723 -0.502309
43533 12.8 0 3.92697 0.595776 -0.502374
43567 12.81 0 3.92697 0.595828 -0.50244
43601 12.82 0 3.92697 0.59588 -0.502505
43635 12.83 0 3.92697 0.595931 -0.50257
43669 12.84 0 3.92697 0.595982 -0.502635
43703 12.85 0 3.92697 0.596032 -0.502699
43737 12.86 0 3.92697 0.596081 -0.502764
43771 12.87 0 3.92697 0.59613 -0.502828
43805 12.88 0 3.92696 0.596178 -0.502892
43839 12.89 0 3.92696 0.596225 -0.502956
43873 12.9 0 3.92696 0.596272 -0.50302
43907 12.91 0 3.92696 0.596318 -0.503082
43941 12.92 0 3.92697 0.596364 -0.503146
43975 12.93 0 3.92697 0.596409 -0.503211
44009 12.94 0 3.92697 0.596453 -0.503274
44043 12.95 0 3.92697 0.596496 -0.503337
44077 12.96 0 3.92697 0.596538 -0.5034
44111 12.97 0 3.92697 0.59658 -0.503462
44145 12.98 0 3.92697 0.596622 -0.503526
44179 12.99 0 3.92696 0.596664 -0.50359
44213 13 0 3.92696 0.596705 -0.503653
44247 13.01 0 3.92696 0.596745 -0.503715
44281 13.02 0 3.92696 0.596785 -0.503777
44315 13.03 0 3.92696 0.596824 -0.503839
44349 13.04 0 3.92696 0.596862 -0.503901
44383 13.05 0 3.92696 0.596901 -0.503964
44417 13.06 0 3.92696 0.596939 -0.504026
44451 13.07 0 3.92696 0.596976 -0.504088
44485 13.08 0 3.92696 0.597014 -0.504151
44519 13.09 0 3.92696 0.59705 -0.504213
44553 13.1 0 3.92696 0.597086 -0.504275
44587 13.11 0 3.92696 0.597122 -0.504336
44621 13.12 0 3.92696 0.597157 -0.504398
44655 13.13 0 3.92696 0.597192 -0.504459
44689 13.14 0 3.92696 0.597227 -0.504522
44723 13.15 0 3.92696 0.597262 -0.504584
44757 13.16 0 3.92697 0.597295 -0.504646
44791 13.17 0 3.92697 0.597329 -0.504708
44825 13.18 0 3.92697 0.597362 -0.504769
44859 13.19 0 3.92697 0.597393 -0.504831
44893 13.2 0 3.92696 0.597424 -0.504893
44927 13.21 0 3.92696 0.597455 -0.504955
44961 13.22 0 3.92696 0.597486 -0.505016
44995 13.23 0 3.92697 0.597517 -0.505078
45029 13.24 0 3.92696 0.597547 -0.505139
45063 13.25 0 3.92696 0.597576 -0.5052
45097 13.26 0 3.92696 0.597605 -0.505262
45131 13.27 0 3.92696 0.597634 -0.505324
45165 13.28 0 3.92696 0.597662 -0.505386
45199 13.29 0 3.92696 0.597689 -0.505449
45233 13.3 0 3.92696 0.597718 -0.505511
45267 13.31 0 3.92696 0.597745 -0.505572
45301 13.32 0 3.92696 0.597772 -0.505634
45335 13.33 0 3.92696 0.597797 -0.505695
45369 13.34 0 3.92696 0.597823 -0.505757
45403 13.35 0 3.92696 0.597847 -0.505817
45437 13.36 0 3.92696 0.597872 -0.505878
45471 13.37 0 3.92696 0.597895 -0.505939
45505 13.38 0 3.92697 0.597918 -0.506001
45539 13.39 0 3.92697 0.597942 -0.506062
45573 13.4 0 3.92697 0.597964 -0.506123
45607 13.41 0 3.92697 0.597986 -0.506184
45641 13.42 0 3.92697 0.598007 -0.506246
45675 13.43 0 3.92697 0.598027 -0.506306
45709 13.44 0 3.92697 0.598047 -0.506366
45743 13.45 0 3.92697 0.598067 -0.506426
45777 13.46 0 3.92697 0.598086 -0.506486
45811 13.47 0 3.92697 0.598104 -0.506546
45845 13.48 0 3.92697 0.598121 -0.506607
45879 13.49 0 3.92697 0.598139 -0.506666
45913 13.5 0 3.92697 0.598156 -0.506725
45947 13.51 0 3.92696 0.598172 -0.506785
45981 13.52 0 3.92697 0.598188 -0.506844
46015 13.53 0 3.92697 0.598203 -0.506903
46049 13.54 0 3.92697 0.598218 -0.506962
46083 13.55 0 3.92697 0.598233 -0.50702
46117 13.56 0 3.92696 0.598248 -0.507079
46151 13.57 0 3.92697 0.598261 -0.507138
46185 13.58 0 3.92697 0.598275 -0.507196
46219 13.59 0 3.92697 0.598287 -0.507255
46253 13.6 0 3.92697 0.5983 -0.507314
46287 13.61 0 3.92697 0.598311 -0.507372
46321 13.62 0 3.92697 0.598323 -0.50743
46355 13.63 0 3.92697 0.598334 -0.507489
46389 13.64 0 3.92697 0.598344 -0.507547
46423 13.65 0 3.92697 0.598355 -0.507605
46457 13.66 0 3.92697 0.598364 -0.507664
46491 13.67 0 3.92697 0.598374 -0.507722
46525 13.68 0 3.92698 0.598383 -0.50778
46559 13.69 0 3.92698 0.598391 -0.507838
46593 13.7 0 3.92698 0.5984 -0.507895
46627 13.71 0 3.92697 0.598409 -0.507953
46661 13.72 0 3.92697 0.598416 -0.508012
46695 13.73 0 3.92697 0.598423 -0.508069
46729 13.74 0 3.92697 0.598429 -0.508127
46763 13.75 0 3.92697 0.598435 -0.508184
46797 13.76 0 3.92697 0.598441 -0.508242
46831 13.77 0 3.92697 0.598447 -0.508299
46865 13.78 0 3.92698 0.598452 -0.508357
46899 13.79 0 3.92697 0.598457 -0.508415
46933 13.8 0 3.92697 0.598461 -0.508473
46967 13.81 0 3.92697 0.598466 -0.508531
47001 13.82 0 3.92697 0.59847 -0.508588
47035 13.83 0 3.92697 0.598473 -0.508646
47069 13.84 0 3.92697 0.598476 -0.508704
47103 13.85 0 3.92697 0.598479 -0.508761
47137 13.86 0 3.92697 0.598481 -0.508819
47171 13.87 0 3.92697 0.598483 -0.508876
47205 13.88 0 3.92697 0.598485 -0.508933
47239 13.89 0 3.92697 0.598486 -0.508991
47273 13.9 0 3.92697 0.598487 -0.509049
47307 13.91 0 3.92697 0.598487 -0.509107
47341 13.92 0 3.92697 0.598487 -0.509164
47375 13.93 0 3.92697 0.598487 -0.509222
47409 13.94 0 3.92697 0.598488 -0.50928
47443 13.95 0 3.92697 0.598487 -0.509338
47477 13.96 0 3.92697 0.598486 -0.509396
47511 13.97 0 3.92697 0.598484 -0.509453
47545 13.98 0 3.92697 0.598482 -0.509512
47579 13.99 0 3.92697 0.598481 -0.509569
47613 14 0 3.92697 0.598478 -0.509628
47647 14.01 0 3.92696 0.598475 -0.509686
47681 14.02 0 3.92696 0.598472 -0.509744
47715 14.03 0 3.92697 0.598469 -0.509802
47749 14.04 0 3.92696 0.598466 -0.50986
47783 14.05 0 3.92696 0.598462 -0.509918
47817 14.06 0 3.92696 0.598458 -0.509977
47851 14.07 0 3.92696 0.598453 -0.510035
47885 14.08 0 3.92696 0.598449 -0.510094
47919 14.09 0 3.92696 0.598444 -0.510152
47953 14.1 0 3.92696 0.598439 -0.51021
47987 14.11 0 3.92696 0.598434 -0.510268
48021 14.12 0 3.92696 0.598428 -0.510326
48055 14.13 0 3.92696 0.598422 -0.510385
48089 14.14 0 3.92696 0.598416 -0.510442
48123 14.15 0 3.92696 0.598411 -0.5105
48157 14.16 0 3.92696 0.598404 -0.510558
48191 14.17 0 3.92696 0.598397 -0.510616
48225 14.18 0 3.92696 0.59839 -0.510674
48259 14.19 0 3.92696 0.598382 -0.510732
48293 14.2 0 3.92696 0.598374 -0.51079
48327 14.21 0 3.92696 0.598366 -0.510848
48361 14.22 0 3.92696 0.598359 -0.510906
48395 14.23 0 3.92697 0.59835 -0.510965
48429 14.24 0 3.92697 0.598341 -0.511023
48463 14.25 0 3.92697 0.598331 -0.511081
48497 14.26 0 3.92697 0.598322 -0.511139
48531 14.27 0 3.92697 0.598312 -0.511197
48565 14.28 0 3.92697 0.598302 -0.511254
48599 14.29 0 3.92697 0.598292 -0.511312
48633 14.3 0 3.92697 0.598281 -0.51137
48667 14.31 0 3.92697 0.59827 -0.511429
48701 14.32 0 3.92697 0.598258 -0.511487
48735 14.33 0 3.92697 0.598247 -0.511544
48769 14.34 0 3.92697 0.598235 -0.511602
48803 14.35 0 3.92697 0.598223 -0.511659
48837 14.36 0 3.92697 0.59821 -0.511717
48871 14.37 0 3.92697 0.598197 -0.511775
48905 14.38 0 3.92697 0.598184 -0.511832
48939 14.39 0 3.92697 0.59817 -0.51189
48973 14.4 0 3.92697 0.598156 -0.511947
49007 14.41 0 3.92697 0.598142 -0.512005
49041 14.42 0 3.92696 0.598127 -0.512063
49075 14.43 0 3.92696 0.598113 -0.512119
49109 14.44 0 3.92696 0.598097 -0.512177
49143 14.45 0 3.92696 0.598082 -0.512234
49177 14.46 0 3.92696 0.598066 -0.512291
49211 14.47 0 3.92696 0.598049 -0.512348
49245 14.48 0 3.92696 0.598032 -0.512405
49279 14.49 0 3.92696 0.598015 -0.512462
49313 14.5 0 3.92696 0.597998 -0.512521
49347 14.51 0 3.92696 0.597979 -0.512577
49381 14.52 0 3.92697 0.597961 -0.512633
49415 14.53 0 3.92696 0.597943 -0.51269
49449 14.54 0 3.92696 0.597924 -0.512747
49483 14.55 0 3.92696 0.597905 -0.512804
49517 14.56 0 3.92696 0.597885 -0.51286
49551 14.57 0 3.92696 0.597865 -0.512917
49585 14.58 0 3.92696 0.597845 -0.512974
49619 14.59 0 3.92696 0.597824 -0.513031
49653 14.6 0 3.92696 0.597803 -0.513088
49687 14.61 0 3.92696 0.597782 -0.513144
49721 14.62 0 3.92696 0.59776 -0.513202
49755 14.63 0 3.92696 0.597738 -0.513258
49789 14.64 0 3.92696 0.597716 -0.513315
49823 14.65 0 3.92696 0.597694 -0.513371
49857 14.66 0 3.92696 0.597671 -0.513428
49891 14.67 0 3.92696 0.597648 -0.513484
49925 14.68 0 3.92696 0.597625 -0.513541
49959 14.69 0 3.92696 0.597602 -0.513597
49993 14.7 0 3.92696 0.597579 -0.513653
50027 14.71 0 3.92696 0.597555 -0.51371
50061 14.72 0 3.92696 0.597532 -0.513765
50095 14.73 0 3.92696 0.597508 -0.513821
50129 14.74 0 3.92696 0.597484 -0.513877
50163 14.75 0 3.92696 0.597461 -0.513935
50197 14.76 0 3.92696 0.597436 -0.513992
50231 14.77 0 3.92696 0.597412 -0.514048
50265 14.78 0 3.92696 0.597387 -0.514104
50299 14.79 0 3.92696 0.597362 -0.51416
50333 14.8 0 3.92696 0.597337 -0.514215
50367 14.81 0 3.92696 0.597312 -0.514271
50401 14.82 0 3.92696 0.597286 -0.514327
50435 14.83 0 3.92695 0.597261 -0.514383
50469 14.84 0 3.92695 0.597235 -0.51444
50503 14.85 0 3.92695 0.59721 -0.514496
50537 14.86 0 3.92696 0.597184 -0.514554
50571 14.87 0 3.92695 0.597157 -0.514611
50605 14.88 0 3.92696 0.597129 -0.514668
50639 14.89 0 3.92695 0.597105 -0.514724
50673 14.9 0 3.92695 0.597079 -0.51478
50707 14.91 0 3.92695 0.597051 -0.514836
50741 14.92 0 3.92696 0.597024 -0.514889
50775 14.93 0 3.92696 0.596997 -0.514946
50809 14.94 0 3.92695 0.59697 -0.515001
50843 14.95 0 3.92696 0.596942 -0.515056
50877 14.96 0 3.92696 0.596916 -0.515112
50911 14.97 0 3.92696 0.596888 -0.515168
50945 14.98 0 3.92695 0.596861 -0.515225
50979 14.99 0 3.92696 0.596833 -0.515282
51013 15 0 3.92696 0.596806 -0.515337
51047 15.01 0 3.92696 0.596778 -0.515392
51081 15.02 0 3.92696 0.59675 -0.515447
51115 15.03 0 3.92696 0.596722 -0.515503
51149 15.04 0 3.92696 0.596694 -0.51556
51183 15.05 0 3.92696 0.596666 -0.515615
51217 15.06 0 3.92696 0.596638 -0.51567
51251 15.07 0 3.92696 0.596609 -0.515725
51285 15.08 0 3.92696 0.59658 -0.51578
51319 15.09 0 3.92696 0.596551 -0.515836
51353 15.1 0 3.92696 0.596522 -0.51589
51387 15.11 0 3.92696 0.596494 -0.515945
51421 15.12 0 3.92695 0.596465 -0.515999
51455 15.13 0 3.92695 0.596437 -0.516055
51489 15.14 0 3.92695 0.596408 -0.51611
51523 15.15 0 3.92695 0.59638 -0.516165
51557 15.16 0 3.92695 0.596351 -0.516219
51591 15.17 0 3.92695 0.596322 -0.516273
51625 15.18 0 3.92695 0.596294 -0.516328
51659 15.19 0 3.92695 0.596264 -0.516383
51693 15.2 0 3.92695 0.596235 -0.516437
51727 15.21 0 3.92695 0.596206 -0.516493
51761 15.22 0 3.92694 0.596177 -0.516547
51795 15.23 0 3.92694 0.596148 -0.516602
51829 15.24 0 3.92694 0.596119 -0.516658
51863 15.25 0 3.92695 0.59609 -0.516714
51897 15.26 0 3.92695 0.596062 -0.516769
51931 15.27 0 3.92695 0.596033 -0.516823
51965 15.28 0 3.92695 0.596004 -0.516877
51999 15.29 0 3.92695 0.595975 -0.516931
52033 15.3 0 3.92695 0.595946 -0.516984
52067 15.31 0 3.92695 0.595918 -0.517038
52101 15.32 0 3.92695 0.595889 -0.517091
52135 15.33 0 3.92695 0.595861 -0.517145
52169 15.34 0 3.92695 0.595832 -0.517198
52203 15.35 0 3.92695 0.595803 -0.517252
52237 15.36 0 3.92695 0.595775 -0.517306
52271 15.37 0 3.92695 0.595747 -0.517359
52305 15.38 0 3.92695 0.595718 -0.517413
52339 15.39 0 3.92694 0.595689 -0.517467
52373 15.4 0 3.92694 0.595661 -0.51752
52407 15.41 0 3.92694 0.595633 -0.517574
52441 15.42 0 3.92694 0.595607 -0.517628
52475 15.43 0 3.92695 0.59558 -0.517682
52509 15.44 0 3.92694 0.595551 -0.517736
52543 15.45 0 3.92694 0.595523 -0.517789
52577 15.46 0 3.92694 0.595496 -0.517842
52611 15.47 0 3.92694 0.59547 -0.517895
52645 15.48 0 3.92694 0.595443 -0.517948
52679 15.49 0 3.92694 0.595416 -0.518001
52713 15.5 0 3.92694 0.59539 -0.518053
52747 15.51 0 3.92694 0.595363 -0.518106
52781 15.52 0 3.92694 0.595336 -0.518159
52815 15.53 0 3.92694 0.595309 -0.518212
52849 15.54 0 3.92694 0.595282 -0.518265
52883 15.55 0 3.92694 0.595257 -0.518318
52917 15.56 0 3.92694 0.595229 -0.518369
52951 15.57 0 3.92694 0.595203 -0.518421
52985 15.58 0 3.92694 0.595176 -0.518472
53019 15.59 0 3.92694 0.59515 -0.518525
53053 15.6 0 3.92694 0.595124 -0.518577
53087 15.61 0 3.92694 0.595098 -0.518629
53121 15.62 0 3.92694 0.595072 -0.518682
53155 15.63 0 3.92694 0.595046 -0.518733
53189 15.64 0 3.92694 0.595021 -0.518785
53223 15.65 0 3.92694 0.594995 -0.518837
53257 15.66 0 3.92695 0.59497 -0.51889
53291 15.67 0 3.92695 0.594944 -0.518941
53325 15.68 0 3.92695 0.594919 -0.518993
53359 15.69 0 3.92695 0.594894 -0.519043
53393 15.7 0 3.92695 0.594869 -0.519095
53427 15.71 0 3.92695 0.594845 -0.519145
53461 15.72 0 3.92695 0.59482 -0.519196
53495 15.73 0 3.92695 0.594796 -0.519246
53529 15.74 0 3.92695 0.594772 -0.519296
53563 15.75 0 3.92695 0.594748 -0.519346
53597 15.76 0 3.92695 0.594723 -0.519395
53631 15.77 0 3.92695 0.5947 -0.519445
53665 15.78 0 3.92695 0.594676 -0.519494
53699 15.79 0 3.92695 0.594652 -0.519544
53733 15.8 0 3.92695 0.594629 -0.519593
53767 15.81 0 3.92695 0.594606 -0.519642
53801 15.82 0 3.92694 0.594583 -0.51969
53835 15.83 0 3.92695 0.59456 -0.51974
53869 15.84 0 3.92695 0.594537 -0.51979
53903 15.85 0 3.92695 0.594514 -0.519838
53937 15.86 0 3.92695 0.594491 -0.519887
53971 15.87 0 3.92695 0.594469 -0.519935
54005 15.88 0 3.92695 0.594446 -0.519983
54039 15.89 0 3.92695 0.594424 -0.52003
54073 15.9 0 3.92695 0.594402 -0.520079
54107 15.91 0 3.92695 0.59438 -0.520126
54141 15.92 0 3.92695 0.594358 -0.520174
54175 15.93 0 3.92695 0.594336 -0.520221
54209 15.94 0 3.92695 0.594314 -0.520269
54243 15.95 0 3.92695 0.594292 -0.520316
54277 15.96 0 3.92695 0.59427 -0.520363
54311 15.97 0 3.92695 0.59425 -0.520409
54345 15.98 0 3.92695 0.594228 -0.520456
54379 15.99 0 3.92694 0.594208 -0.520502
54413 16 0 3.92695 0.594187 -0.520549
54447 16.01 0 3.92694 0.594167 -0.520595
54481 16.02 0 3.92694 0.594146 -0.52064
54515 16.03 0 3.92694 0.594125 -0.520686
54549 16.04 0 3.92694 0.594105 -0.520733
54583 16.05 0 3.92694 0.594084 -0.520778
54617 16.06 0 3.92694 0.594063 -0.520822
54651 16.07 0 3.92694 0.594041 -0.520868
54685 16.08 0 3.92694 0.59402 -0.520912
54719 16.09 0 3.92694 0.593998 -0.520956
54753 16.1 0 3.92694 0.593975 -0.521
54787 16.11 0 3.92694 0.593954 -0.521043
54821 16.12 0 3.92694 0.593932 -0.521087
54855 16.13 0 3.92694 0.593911 -0.521131
54889 16.14 0 3.92694 0.593889 -0.521174
54923 16.15 0 3.92694 0.593868 -0.521217
54957 16.16 0 3.92694 0.593847 -0.52126
54991 16.17 0 3.92694 0.593826 -0.521303
55025 16.18 0 3.92694 0.593804 -0.521346
55059 16.19 0 3.92694 0.593783 -0.52139
55093 16.2 0 3.92694 0.593761 -0.521432
55127 16.21 0 3.92694 0.593739 -0.521475
55161 16.22 0 3.92693 0.59372 -0.521516
55195 16.23 0 3.92694 0.593696 -0.52156
55229 16.24 0 3.92694 0.593675 -0.521602
55263 16.25 0 3.92694 0.593653 -0.521645
55297 16.26 0 3.92694 0.593631 -0.521687
55331 16.27 0 3.92694 0.59361 -0.521729
55365 16.28 0 3.92694 0.593588 -0.521771
55399 16.29 0 3.92694 0.593567 -0.521812
55433 16.3 0 3.92695 0.593546 -0.521854
55467 16.31 0 3.92695 0.593525 -0.521894
55501 16.32 0 3.92695 0.593504 -0.521935
55535 16.33 0 3.92695 0.593483 -0.521977
55569 16.34 0 3.92694 0.593462 -0.522017
55603 16.35 0 3.92695 0.59344 -0.522058
55637 16.36 0 3.92695 0.593419 -0.522099
55671 16.37 0 3.92695 0.593397 -0.522141
55705 16.38 0 3.92694 0.593375 -0.522181
55739 16.39 0 3.92694 0.593355 -0.522221
55773 16.4 0 3.92694 0.593334 -0.522261
55807 16.41 0 3.92694 0.593314 -0.522301
55841 16.42 0 3.92694 0.593294 -0.52234
55875 16.43 0 3.92695 0.593273 -0.52238
55909 16.44 0 3.92694 0.593253 -0.522419
55943 16.45 0 3.92695 0.593233 -0.522459
55977 16.46 0 3.92695 0.593213 -0.522499
56011 16.47 0 3.92695 0.593194 -0.522538
56045 16.48 0 3.92695 0.593174 -0.522578
56079 16.49 0 3.92695 0.593155 -0.522617
56113 16.5 0 3.92695 0.593135 -0.522656
56147 16.51 0 3.92695 0.593116 -0.522695
56181 16.52 0 3.92694 0.593097 -0.522734
56215 16.53 0 3.92695 0.593078 -0.522772
56249 16.54 0 3.92695 0.593059 -0.522811
56283 16.55 0 3.92694 0.59304 -0.52285
56317 16.56 0 3.92694 0.593022 -0.522888
56351 16.57 0 3.92694 0.593003 -0.522927
56385 16.58 0 3.92694 0.592985 -0.522965
56419 16.59 0 3.92694 0.592966 -0.523002
56453 16.6 0 3.92693 0.592948 -0.52304
56487 16.61 0 3.92694 0.59293 -0.523079
56521 16.62 0 3.92694 0.592912 -0.523119
56555 16.63 0 3.92694 0.592894 -0.523158
56589 16.64 0 3.92694 0.592877 -0.523196
56623 16.65 0 3.92694 0.59286 -0.523234
56657 16.66 0 3.92694 0.592844 -0.523272
56691 16.67 0 3.92694 0.592827 -0.523309
56725 16.68 0 3.92694 0.592811 -0.523346
56759 16.69 0 3.92694 0.592795 -0.523383
56793 16.7 0 3.92694 0.592779 -0.523421
56827 16.71 0 3.92694 0.592763 -0.523458
56861 16.72 0 3.92694 0.592747 -0.523494
56895 16.73 0 3.92694 0.592732 -0.523531
56929 16.74 0 3.92694 0.592716 -0.523567
56963 16.75 0 3.92694 0.592701 -0.523605
56997 16.76 0 3.92694 0.592686 -0.523642
57031 16.77 0 3.92694 0.592671 -0.523678
57065 16.78 0 3.92694 0.592657 -0.523714
57099 16.79 0 3.92694 0.592643 -0.523751
57133 16.8 0 3.92694 0.592629 -0.523787
57167 16.81 0 3.92694 0.592614 -0.523822
57201 16.82 0 3.92694 0.592601 -0.523857
57235 16.83 0 3.92694 0.592587 -0.523893
57269 16.84 0 3.92694 0.592572 -0.523929
57303 16.85 0 3.92695 0.592559 -0.523965
57337 16.86 0 3.92694 0.592545 -0.524
57371 16.87 0 3.92695 0.592531 -0.524034
57405 16.88 0 3.92695 0.592519 -0.52407
57439 16.89 0 3.92694 0.592507 -0.524107
57473 16.9 0 3.92694 0.592494 -0.524141
57507 16.91 0 3.92694 0.592481 -0.524176
57541 16.92 0 3.92694 0.592468 -0.52421
57575 16.93 0 3.92694 0.592455 -0.524245
57609 16.94 0 3.92694 0.592443 -0.524279
57643 16.95 0 3.92694 0.59243 -0.524314
57677 16.96 0 3.92693 0.592417 -0.524348
57711 16.97 0 3.92693 0.592406 -0.524383
57745 16.98 0 3.92693 0.592394 -0.524417
57779 16.99 0 3.92693 0.592382 -0.524451
57813 17 0 3.92693 0.592371 -0.524485
57847 17.01 0 3.92693 0.592359 -0.524519
57881 17.02 0 3.92693 0.592348 -0.524552
57915 17.03 0 3.92693 0.592337 -0.524585
57949 17.04 0 3.92693 0.592326 -0.524619
57983 17.05 0 3.92693 0.592314 -0.524652
58017 17.06 0 3.92693 0.592303 -0.524685
58051 17.07 0 3.92693 0.592293 -0.524718
58085 17.08 0 3.92693 0.592282 -0.524751
58119 17.09 0 3.92693 0.592271 -0.524784
58153 17.1 0 3.92693 0.592261 -0.524816
58187 17.11 0 3.92693 0.592251 -0.524849
58221 17.12 0 3.92693 0.59224 -0.524882
58255 17.13 0 3.92693 0.59223 -0.524914
58289 17.14 0 3.92693 0.59222 -0.524946
58323 17.15 0 3.92693 0.59221 -0.524979
58357 17.16 0 3.92693 0.592201 -0.52501
58391 17.17 0 3.92693 0.592191 -0.525042
58425 17.18 0 3.92693 0.592181 -0.525074
58459 17.19 0 3.92693 0.592172 -0.525106
58493 17.2 0 3.92693 0.592162 -0.525138
58527 17.21 0 3.92693 0.592152 -0.525169
58561 17.22 0 3.92693 0.592143 -0.5252
58595 17.23 0 3.92693 0.592134 -0.525232
58629 17.24 0 3.92693 0.592125 -0.525264
58663 17.25 0 3.92693 0.592116 -0.525295
58697 17.26 0 3.92693 0.592107 -0.525326
58731 17.27 0 3.92693 0.592098 -0.525356
58765 17.28 0 3.92693 0.592089 -0.525387
58799 17.29 0 3.92693 0.59208 -0.525417
58833 17.3 0 3.92693 0.592072 -0.525448
58867 17.31 0 3.92693 0.592063 -0.525479
58901 17.32 0 3.92693 0.592055 -0.525509
58935 17.33 0 3.92694 0.592047 -0.525541
58969 17.34 0 3.92694 0.592039 -0.525572
59003 17.35 0 3.92694 0.592031 -0.525602
59037 17.36 0 3.92694 0.592023 -0.525632
59071 17.37 0 3.92694 0.592015 -0.525662
59105 17.38 0 3.92694 0.592008 -0.525693
59139 17.39 0 3.92694 0.592 -0.525723
59173 17.4 0 3.92694 0.591993 -0.525753
59207 17.41 0 3.92694 0.591985 -0.525782
59241 17.42 0 3.92694 0.591978 -0.525813
59275 17.43 0 3.92694 0.591971 -0.525842
59309 17.44 0 3.92694 0.591964 -0.525872
59343 17.45 0 3.92694 0.591958 -0.525903
59377 17.46 0 3.92694 0.591951 -0.525932
59411 17.47 0 3.92694 0.591945 -0.525962
59445 17.48 0 3.92694 0.591938 -0.525992
59479 17.49 0 3.92694 0.591932 -0.526022
59513 17.5 0 3.92694 0.591926 -0.526051
59547 17.51 0 3.92694 0.59192 -0.52608
59581 17.52 0 3.92694 0.591914 -0.526109
59615 17.53 0 3.92694 0.591909 -0.526139
59649 17.54 0 3.92694 0.591903 -0.526168
59683 17.55 0 3.92694 0.591897 -0.526198
59717 17.56 0 3.92694 0.591892 -0.526227
59751 17.57 0 3.92694 0.591886 -0.526256
59785 17.58 0 3.92694 0.591881 -0.526286
59819 17.59 0 3.92693 0.591876 -0.526315
59853 17.6 0 3.92693 0.591871 -0.526344
59887 17.61 0 3.92693 0.591866 -0.526372
59921 17.62 0 3.92693 0.591861 -0.526401
59955 17.63 0 3.92693 0.591856 -0.52643
59989 17.64 0 3.92693 0.591851 -0.526458
60023 17.65 0 3.92693 0.591847 -0.526487
60057 17.66 0 3.92693 0.591842 -0.526515
60091 17.67 0 3.92693 0.591838 -0.526543
60125 17.68 0 3.92693 0.591833 -0.526571
60159 17.69 0 3.92693 0.591829 -0.526599
60193 17.7 0 3.92693 0.591824 -0.526627
60227 17.71 0 3.92693 0.59182 -0.526655
60261 17.72 0 3.92693 0.591816 -0.526682
60295 17.73 0 3.92693 0.591812 -0.52671
60329 17.74 0 3.92693 0.591807 -0.526738
60363 17.75 0 3.92693 0.591803 -0.526766
60397 17.76 0 3.92693 0.591799 -0.526793
60431 17.77 0 3.92693 0.591795 -0.52682
60465 17.78 0 3.92693 0.591791 -0.526848
60499 17.79 0 3.92693 0.591788 -0.526875
60533 17.8 0 3.92693 0.591784 -0.526902
60567 17.81 0 3.92693 0.59178 -0.526929
60601 17.82 0 3.92693 0.591776 -0.526956
60635 17.83 0 3.92693 0.591773 -0.526983
60669 17.84 0 3.92693 0.591769 -0.52701
60703 17.85 0 3.92693 0.591765 -0.527036
60737 17.86 0 3.92693 0.591761 -0.527062
60771 17.87 0 3.92693 0.591758 -0.527089
60805 17.88 0 3.92693 0.591754 -0.527116
60839 17.89 0 3.92694 0.591751 -0.527142
60873 17.9 0 3.92693 0.591747 -0.527169
60907 17.91 0 3.92693 0.591744 -0.527194
60941 17.92 0 3.92694 0.59174 -0.527221
60975 17.93 0 3.92694 0.591737 -0.527247
61009 17.94 0 3.92694 0.591734 -0.527272
61043 17.95 0 3.92693 0.591731 -0.527299
61077 17.96 0 3.92693 0.591727 -0.527325
61111 17.97 0 3.92693 0.591724 -0.527351
61145 17.98 0 3.92693 0.59172 -0.527377
61179 17.99 0 3.92693 0.591717 -0.527403
61213 18 0 3.92693 0.591714 -0.527429
61247 18.01 0 3.92693 0.591711 -0.527455
61281 18.02 0 3.92693 0.591708 -0.52748
61315 18.03 0 3.92694 0.591704 -0.527506
61349 18.04 0 3.92693 0.591701 -0.527532
61383 18.05 0 3.92693 0.591698 -0.527557
61417 18.06 0 3.92693 0.591695 -0.527582
61451 18.07 0 3.92693 0.591691 -0.527608
61485 18.08 0 3.92693 0.591688 -0.527633
61519 18.09 0 3.92693 0.591685 -0.527659
61553 18.1 0 3.92693 0.591682 -0.527685
61587 18.11 0 3.92693 0.591679 -0.527711
61621 18.12 0 3.92693 0.591676 -0.527736
61655 18.13 0 3.92693 0.591673 -0.527763
61689 18.14 0 3.92693 0.59167 -0.527788
61723 18.15 0 3.92693 0.591667 -0.527813
61757 18.16 0 3.92693 0.591662 -0.52784
61791 18.17 0 3.92693 0.591659 -0.527865
61825 18.18 0 3.92693 0.591656 -0.52789
61859 18.19 0 3.92693 0.591653 -0.527917
61893 18.2 0 3.92693 0.591649 -0.527943
61927 18.21 0 3.92693 0.591646 -0.527968
61961 18.22 0 3.92694 0.591643 -0.527993
61995 18.23 0 3.92693 0.591639 -0.528018
62029 18.24 0 3.92693 0.591636 -0.528044
62063 18.25 0 3.92693 0.591632 -0.528069
62097 18.26 0 3.92693 0.591629 -0.528094
62131 18.27 0 3.92693 0.591625 -0.528119
62165 18.28 0 3.92693 0.591622 -0.528144
62199 18.29 0 3.92693 0.591619 -0.52817
62233 18.3 0 3.92693 0.591616 -0.528195
62267 18.31 0 3.92693 0.591613 -0.528221
62301 18.32 0 3.92693 0.59161 -0.528246
62335 18.33 0 3.92693 0.591606 -0.528271
62369 18.34 0 3.92693 0.591603 -0.528296
62403 18.35 0 3.92693 0.5916 -0.528321
62437 18.36 0 3.92693 0.591597 -0.528346
62471 18.37 0 3.92693 0.591594 -0.528371
62505 18.38 0 3.92693 0.591591 -0.528397
62539 18.39 0 3.92693 0.591588 -0.528421
62573 18.4 0 3.92693 0.591585 -0.528447
62607 18.41 0 3.92693 0.591582 -0.528473
62641 18.42 0 3.92693 0.591579 -0.528498
62675 18.43 0 3.92693 0.591576 -0.528523
62709 18.44 0 3.92693 0.591573 -0.528547
62743 18.45 0 3.92693 0.591571 -0.528572
62777 18.46 0 3.92693 0.591568 -0.528597
62811 18.47 0 3.92693 0.591565 -0.528622
62845 18.48 0 3.92693 0.591563 -0.528647
62879 18.49 0 3.92693 0.59156 -0.528671
62913 18.5 0 3.92693 0.591558 -0.528696
62947 18.51 0 3.92693 0.591556 -0.528721
62981 18.52 0 3.92693 0.591553 -0.528745
63015 18.53 0 3.92693 0.591551 -0.52877
63049 18.54 0 3.92693 0.591549 -0.528794
63083 18.55 0 3.92693 0.591547 -0.528819
63117 18.56 0 3.92693 0.591545 -0.528843
63151 18.57 0 3.92693 0.591543 -0.528867
63185 18.58 0 3.92693 0.591541 -0.528892
63219 18.59 0 3.92693 0.591539 -0.528916
63253 18.6 0 3.92693 0.591536 -0.528941
63287 18.61 0 3.92693 0.591534 -0.528966
63321 18.62 0 3.92693 0.591532 -0.52899
63355 18.63 0 3.92693 0.59153 -0.529014
63389 18.64 0 3.92693 0.591529 -0.529038
63423 18.65 0 3.92693 0.591527 -0.529062
63457 18.66 0 3.92693 0.591526 -0.529086
63491 18.67 0 3.92693 0.591524 -0.52911
63525 18.68 0 3.92693 0.591523 -0.529133
63559 18.69 0 3.92693 0.591521 -0.529156
63593 18.7 0 3.92693 0.59152 -0.52918
63627 18.71 0 3.92693 0.591518 -0.529203
63661 18.72 0 3.92693 0.591517 -0.529226
63695 18.73 0 3.92693 0.591516 -0.52925
63729 18.74 0 3.92693 0.591515 -0.529273
63763 18.75 0 3.92693 0.591513 -0.529296
63797 18.76 0 3.92693 0.591512 -0.529319
63831 18.77 0 3.92693 0.591511 -0.529342
63865 18.78 0 3.92692 0.59151 -0.529364
63899 18.79 0 3.92692 0.591509 -0.529387
63933 18.8 0 3.92692 0.591508 -0.529409
63967 18.81 0 3.92692 0.591507 -0.529432
64001 18.82 0 3.92692 0.591506 -0.529454
64035 18.83 0 3.92693 0.591505 -0.529478
64069 18.84 0 3.92692 0.591503 -0.529501
64103 18.85 0 3.92692 0.591502 -0.529523
64137 18.86 0 3.92692 0.591501 -0.529545
64171 18.87 0 3.92692 0.5915 -0.529567
64205 18.88 0 3.92693 0.591499 -0.529589
64239 18.89 0 3.92693 0.591498 -0.52961
64273 18.9 0 3.92693 0.591497 -0.529632
64307 18.91 0 3.92693 0.591497 -0.529654
64341 18.92 0 3.92692 0.591496 -0.529677
64375 18.93 0 3.92692 0.591495 -0.529698
64409 18.94 0 3.92692 0.591495 -0.52972
64443 18.95 0 3.92692 0.591494 -0.529741
64477 18.96 0 3.92692 0.591494 -0.529762
64511 18.97 0 3.92692 0.591494 -0.529783
64545 18.98 0 3.92692 0.591494 -0.529804
64579 18.99 0 3.92692 0.591494 -0.529825
64613 19 0 3.92693 0.591495 -0.529847
64647 19.01 0 3.92693 0.591495 -0.529868
64681 19.02 0 3.92693 0.591495 -0.529889
64715 19.03 0 3.92693 0.591495 -0.529909
64749 19.04 0 3.92693 0.591496 -0.52993
64783 19.05 0 3.92693 0.591497 -0.529951
64817 19.06 0 3.92693 0.591497 -0.529971
64851 19.07 0 3.92692 0.591499 -0.529992
64885 19.08 0 3.92692 0.5915 -0.530012
64919 19.09 0 3.92692 0.5915 -0.530032
64953 19.1 0 3.92692 0.591501 -0.530052
64987 19.11 0 3.92692 0.591502 -0.530072
65021 19.12 0 3.92692 0.591503 -0.530092
65055 19.13 0 3.92692 0.591504 -0.530112
65089 19.14 0 3.92693 0.591506 -0.530133
65123 19.15 0 3.92693 0.591507 -0.530153
65157 19.16 0 3.92693 0.591509 -0.530172
65191 19.17 0 3.92693 0.59151 -0.530192
65225 19.18 0 3.92693 0.591512 -0.530212
65259 19.19 0 3.92692 0.591514 -0.530231
65293 19.2 0 3.92693 0.591516 -0.530251
65327 19.21 0 3.92693 0.591518 -0.530271
65361 19.22 0 3.92693 0.591519 -0.53029
65395 19.23 0 3.92693 0.591521 -0.53031
65429 19.24 0 3.92693 0.591523 -0.530329
65463 19.25 0 3.92693 0.591525 -0.530348
65497 19.26 0 3.92693 0.591527 -0.530367
65531 19.27 0 3.92693 0.591529 -0.530387
65565 19.28 0 3.92693 0.591531 -0.530406
65599 19.29 0 3.92693 0.591533 -0.530425
65633 19.3 0 3.92693 0.591536 -0.530444
65667 19.31 0 3.92693 0.591538 -0.530463
65701 19.32 0 3.92693 0.59154 -0.530482
65735 19.33 0 3.92693 0.591542 -0.530501
65769 19.34 0 3.92693 0.591545 -0.530519
65803 19.35 0 3.92693 0.591547 -0.530538
65837 19.36 0 3.92693 0.59155 -0.530557
65871 19.37 0 3.92693 0.591553 -0.530575
65905 19.38 0 3.92693 0.591556 -0.530594
65939 19.39 0 3.92693 0.591559 -0.530612
65973 19.4 0 3.92693 0.591562 -0.530631
66007 19.41 0 3.92693 0.591566 -0.530649
66041 19.42 0 3.92693 0.591569 -0.530667
66075 19.43 0 3.92693 0.591572 -0.530686
66109 19.44 0 3.92693 0.591576 -0.530704
66143 19.45 0 3.92693 0.591579 -0.530722
66177 19.46 0 3.92693 0.591583 -0.53074
66211 19.47 0 3.92693 0.591586 -0.530757
66245 19.48 0 3.92693 0.591589 -0.530776
66279 19.49 0 3.92693 0.591593 -0.530794
66313 19.5 0 3.92693 0.591597 -0.530812
66347 19.51 0 3.92693 0.591601 -0.530829
66381 19.52 0 3.92693 0.591605 -0.530847
66415 19.53 0 3.92693 0.591609 -0.530865
66449 19.54 0 3.92693 0.591613 -0.530883
66483 19.55 0 3.92693 0.591618 -0.530901
66517 19.56 0 3.92693 0.591622 -0.530918
66551 19.57 0 3.92693 0.591627 -0.530936
66585 19.58 0 3.92693 0.591631 -0.530954
66619 19.59 0 3.92693 0.591637 -0.530971
66653 19.6 0 3.92693 0.591641 -0.530989
66687 19.61 0 3.92692 0.591646 -0.531006
66721 19.62 0 3.92693 0.591651 -0.531024
66755 19.63 0 3.92692 0.591656 -0.531042
66789 19.64 0 3.92692 0.591661 -0.531059
66823 19.65 0 3.92692 0.591666 -0.531076
66857 19.66 0 3.92693 0.591671 -0.531094
66891 19.67 0 3.92693 0.591677 -0.531111
66925 19.68 0 3.92693 0.591682 -0.531128
66959 19.69 0 3.92693 0.591688 -0.531146
66993 19.7 0 3.92693 0.591693 -0.531163
67027 19.71 0 3.92693 0.591699 -0.53118
67061 19.72 0 3.92693 0.591705 -0.531197
67095 19.73 0 3.92693 0.591712 -0.531215
67129 19.74 0 3.92693 0.591718 -0.531231
67163 19.75 0 3.92693 0.591724 -0.531248
67197 19.76 0 3.92693 0.59173 -0.531265
67231 19.77 0 3.92693 0.591737 -0.531282
67265 19.78 0 3.92693 0.591744 -0.531299
67299 19.79 0 3.92693 0.59175 -0.531315
67333 19.8 0 3.92693 0.591757 -0.531331
67367 19.81 0 3.92693 0.591764 -0.531348
67401 19.82 0 3.92693 0.591771 -0.531364
67435 19.83 0 3.92693 0.591778 -0.53138
67469 19.84 0 3.92693 0.591785 -0.531396
67503 19.85 0 3.92693 0.591793 -0.531412
67537 19.86 0 3.92693 0.5918 -0.531428
67571 19.87 0 3.92693 0.591808 -0.531444
67605 19.88 0 3.92693 0.591816 -0.53146
67639 19.89 0 3.92693 0.591823 -0.531476
67673 19.9 0 3.92693 0.59183 -0.531492
67707 19.91 0 3.92693 0.591838 -0.531508
67741 19.92 0 3.92693 0.591846 -0.531524
67775 19.93 0 3.92693 0.591854 -0.531539
67809 19.94 0 3.92693 0.591862 -0.531554
67843 19.95 0 3.92693 0.59187 -0.53157
67877 19.96 0 3.92693 0.591879 -0.531585
67911 19.97 0 3.92692 0.591886 -0.531601
67945 19.98 0 3.92692 0.591895 -0.531616
67979 19.99 0 3.92692 0.591904 -0.531631
68013 20 0 3.92692 0.591912 -0.531645
68047 20.01 0 3.92692 0.59192 -0.53166
68081 20.02 0 3.92692 0.591929 -0.531675
68115 20.03 0 3.92692 0.591937 -0.53169
68149 20.04 0 3.92692 0.591946 -0.531704
68183 20.05 0 3.92692 0.591954 -0.531718
68217 20.06 0 3.92692 0.591963 -0.531732
68251 20.07 0 3.92692 0.591972 -0.531746
68285 20.08 0 3.92692 0.591981 -0.53176
68319 20.09 0 3.92692 0.591989 -0.531774
68353 20.1 0 3.92692 0.591998 -0.531787
68387 20.11 0 3.92692 0.592008 -0.531801
68421 20.12 0 3.92692 0.592017 -0.531814
68455 20.13 0 3.92692 0.592026 -0.531828
68489 20.14 0 3.92692 0.592035 -0.531841
68523 20.15 0 3.92692 0.592044 -0.531854
68557 20.16 0 3.92692 0.592054 -0.531868
68591 20.17 0 3.92692 0.592063 -0.531881
68625 20.18 0 3.92692 0.592072 -0.531894
68659 20.19 0 3.92692 0.592082 -0.531907
68693 20.2 0 3.92692 0.592091 -0.531919
68727 20.21 0 3.92692 0.592101 -0.531932
68761 20.22 0 3.92692 0.59211 -0.531945
68795 20.23 0 3.92692 0.59212 -0.531958
68829 20.24 0 3.92692 0.592129 -0.53197
68863 20.25 0 3.92692 0.592139 -0.531982
68897 20.26 0 3.92692 0.592149 -0.531995
68931 20.27 0 3.92692 0.592158 -0.532007
68965 20.28 0 3.92692 0.592168 -0.53202
68999 20.29 0 3.92693 0.592177 -0.532033
69033 20.3 0 3.92693 0.592187 -0.532045
69067 20.31 0 3.92693 0.592197 -0.532057
69101 20.32 0 3.92693 0.592206 -0.532069
69135 20.33 0 3.92693 0.592216 -0.53208
69169 20.34 0 3.92693 0.592226 -0.532092
69203 20.35 0 3.92693 0.592236 -0.532103
69237 20.36 0 3.92693 0.592246 -0.532115
69271 20.37 0 3.92693 0.592256 -0.532126
69305 20.38 0 3.92693 0.592266 -0.532137
69339 20.39 0 3.92693 0.592276 -0.532148
69373 20.4 0 3.92693 0.592285 -0.532159
69407 20.41 0 3.92693 0.592296 -0.53217
69441 20.42 0 3.92693 0.592305 -0.532181
69475 20.43 0 3.92693 0.592315 -0.532192
69509 20.44 0 3.92693 0.592325 -0.532202
69543 20.45 0 3.92693 0.592335 -0.532213
69577 20.46 0 3.92693 0.592345 -0.532224
69611 20.47 0 3.92693 0.592355 -0.532234
69645 20.48 0 3.92693 0.592365 -0.532244
69679 20.49 0 3.92693 0.592375 -0.532255
69713 20.5 0 3.92693 0.592386 -0.532264
69747 20.51 0 3.92693 0.592396 -0.532274
69781 20.52 0 3.92693 0.592406 -0.532284
69815 20.53 0 3.92693 0.592416 -0.532294
69849 20.54 0 3.92693 0.592426 -0.532304
69883 20.55 0 3.92693 0.592436 -0.532313
69917 20.56 0 3.92693 0.592446 -0.532323
69951 20.57 0 3.92693 0.592456 -0.532332
69985 20.58 0 3.92693 0.592466 -0.532342
70019 20.59 0 3.92693 0.592476 -0.532351
70053 20.6 0 3.92692 0.592486 -0.532361
70087 20.61 0 3.92692 0.592497 -0.53237
70121 20.62 0 3.92692 0.592507 -0.53238
70155 20.63 0 3.92692 0.592517 -0.532389
70189 20.64 0 3.92692 0.592527 -0.532398
70223 20.65 0 3.92692 0.592537 -0.532407
70257 20.66 0 3.92692 0.592547 -0.532416
70291 20.67 0 3.92692 0.592558 -0.532425
70325 20.68 0 3.92693 0.592568 -0.532435
70359 20.69 0 3.92692 0.592578 -0.532445
70393 20.7 0 3.92692 0.592588 -0.532453
70427 20.71 0 3.92692 0.592598 -0.532462
70461 20.72 0 3.92692 0.592608 -0.532471
70495 20.73 0 3.92692 0.592617 -0.53248
70529 20.74 0 3.92693 0.592628 -0.532489
70563 20.75 0 3.92693 0.592637 -0.532498
70597 20.76 0 3.92693 0.592647 -0.532507
70631 20.77 0 3.92692 0.592656 -0.532515
70665 20.78 0 3.92693 0.592665 -0.532525
70699 20.79 0 3.92693 0.592674 -0.532534
70733 20.8 0 3.92693 0.592683 -0.532542
70767 20.81 0 3.92693 0.592692 -0.532551
70801 20.82 0 3.92693 0.592701 -0.532559
70835 20.83 0 3.92693 0.592711 -0.532567
70869 20.84 0 3.92693 0.592719 -0.532576
70903 20.85 0 3.92693 0.592728 -0.532585
70937 20.86 0 3.92693 0.592736 -0.532593
70971 20.87 0 3.92693 0.592745 -0.532601
71005 20.88 0 3.92692 0.592754 -0.532609
71039 20.89 0 3.92692 0.592762 -0.532618
71073 20.9 0 3.92693 0.592771 -0.532626
71107 20.91 0 3.92692 0.592779 -0.532633
71141 20.92 0 3.92692 0.592787 -0.532641
71175 20.93 0 3.92692 0.592794 -0.532649
71209 20.94 0 3.92693 0.592802 -0.532657
71243 20.95 0 3.92692 0.59281 -0.532664
71277 20.96 0 3.92692 0.592818 -0.532672
71311 20.97 0 3.92692 0.592825 -0.53268
71345 20.98 0 3.92692 0.592832 -0.532687
71379 20.99 0 3.92692 0.59284 -0.532695
71413 21 0 3.92692 0.592847 -0.532702
71447 21.01 0 3.92692 0.592854 -0.532709
71481 21.02 0 3.92692 0.592861 -0.532716
71515 21.03 0 3.92692 0.592868 -0.532723
71549 21.04 0 3.92692 0.592874 -0.532731
71583 21.05 0 3.92692 0.592881 -0.532738
71617 21.06 0 3.92692 0.592888 -0.532745
71651 21.07 0 3.92692 0.592894 -0.532751
71685 21.08 0 3.92692 0.592901 -0.532758
71719 21.09 0 3.92692 0.592907 -0.532765
71753 21.1 0 3.92692 0.592914 -0.532772
71787 21.11 0 3.92692 0.59292 -0.532779
71821 21.12 0 3.92692 0.592927 -0.532785
71855 21.13 0 3.92692 0.592933 -0.532792
71889 21.14 0 3.92692 0.59294 -0.532799
71923 21.15 0 3.92693 0.592946 -0.532807
71957 21.16 0 3.92693 0.592953 -0.532814
71991 21.17 0 3.92693 0.592959 -0.53282
72025 21.18 0 3.92693 0.592966 -0.532828
72059 21.19 0 3.92693 0.592972 -0.532835
72093 21.2 0 3.92693 0.592979 -0.532842
72127 21.21 0 3.92693 0.592985 -0.532849
72161 21.22 0 3.92693 0.592992 -0.532856
72195 21.23 0 3.92693 0.592998 -0.532862
72229 21.24 0 3.92693 0.593004 -0.532869
72263 21.25 0 3.92693 0.59301 -0.532876
72297 21.26 0 3.92693 0.593017 -0.532882
72331 21.27 0 3.92693 0.593023 -0.532889
72365 21.28 0 3.92693 0.593029 -0.532896
72399 21.29 0 3.92693 0.593035 -0.532902
72433 21.3 0 3.92693 0.593041 -0.532908
72467 21.31 0 3.92693 0.593047 -0.532915
72501 21.32 0 3.92693 0.593053 -0.532921
72535 21.33 0 3.92693 0.593059 -0.532928
72569 21.34 0 3.92693 0.593065 -0.532934
72603 21.35 0 3.92693 0.59307 -0.53294
72637 21.36 0 3.92693 0.593076 -0.532946
72671 21.37 0 3.92693 0.593082 -0.532953
72705 21.38 0 3.92693 0.593087 -0.53296
72739 21.39 0 3.92693 0.593093 -0.532966
72773 21.4 0 3.92693 0.593098 -0.532972
72807 21.41 0 3.92693 0.593104 -0.532978
72841 21.42 0 3.92693 0.593109 -0.532984
72875 21.43 0 3.92693 0.593114 -0.532991
72909 21.44 0 3.92693 0.593119 -0.532996
72943 21.45 0 3.92693 0.593125 -0.533002
72977 21.46 0 3.92693 0.593129 -0.533008
73011 21.47 0 3.92693 0.593134 -0.533014
73045 21.48 0 3.92693 0.593139 -0.53302
73079 21.49 0 3.92693 0.593144 -0.533026
73113 21.5 0 3.92693 0.593148 -0.533031
73147 21.51 0 3.92693 0.593153 -0.533037
73181 21.52 0 3.92693 0.593157 -0.533043
73215 21.53 0 3.92693 0.593161 -0.533048
73249 21.54 0 3.92693 0.593165 -0.533054
73283 21.55 0 3.92693 0.593169 -0.53306
73317 21.56 0 3.92693 0.593173 -0.533065
73351 21.57 0 3.92693 0.593177 -0.533071
73385 21.58 0 3.92693 0.593181 -0.533076
73419 21.59 0 3.92693 0.593184 -0.533082
73453 21.6 0 3.92693 0.593188 -0.533087
73487 21.61 0 3.92693 0.593191 -0.533092
73521 21.62 0 3.92693 0.593194 -0.533098
73555 21.63 0 3.92693 0.593197 -0.533103
73589 21.64 0 3.92693 0.5932 -0.533108
73623 21.65 0 3.92693 0.593203 -0.533113
73657 21.66 0 3.92693 0.593206 -0.533119
73691 21.67 0 3.92693 0.593209 -0.533124
73725 21.68 0 3.92693 0.593211 -0.533129
73759 21.69 0 3.92693 0.593214 -0.533134
73793 21.7 0 3.92693 0.593216 -0.533139
73827 21.71 0 3.92693 0.593218 -0.533144
73861 21.72 0 3.92693 0.593221 -0.533149
73895 21.73 0 3.92693 0.593223 -0.533154
73929 21.74 0 3.92693 0.593225 -0.533159
73963 21.75 0 3.92693 0.593227 -0.533165
73997 21.76 0 3.92693 0.593229 -0.53317
74031 21.77 0 3.92693 0.593231 -0.533175
74065 21.78 0 3.92693 0.593233 -0.53318
74099 21.79 0 3.92693 0.593235 -0.533185
74133 21.8 0 3.92693 0.593236 -0.53319
74167 21.81 0 3.92693 0.593238 -0.533195
74201 21.82 0 3.92693 0.593239 -0.5332
74235 21.83 0 3.92693 0.593241 -0.533205
74269 21.84 0 3.92693 0.593242 -0.53321
74303 21.85 0 3.92693 0.593243 -0.533215
74337 21.86 0 3.92693 0.593244 -0.53322
74371 21.87 0 3.92693 0.593245 -0.533225
74405 21.88 0 3.92693 0.593246 -0.533229
74439 21.89 0 3.92693 0.593247 -0.533234
74473 21.9 0 3.92692 0.593248 -0.533239
74507 21.91 0 3.92692 0.593249 -0.533244
74541 21.92 0 3.92692 0.59325 -0.533249
74575 21.93 0 3.92692 0.59325 -0.533253
74609 21.94 0 3.92692 0.59325 -0.533258
74643 21.95 0 3.92692 0.59325 -0.533263
74677 21.96 0 3.92692 0.59325 -0.533268
74711 21.97 0 3.92692 0.59325 -0.533273
74745 21.98 0 3.92692 0.59325 -0.533277
74779 21.99 0 3.92692 0.59325 -0.533282
74813 22 0 3.92692 0.59325 -0.533287
74847 22.01 0 3.92692 0.59325 -0.533292
74881 22.02 0 3.92692 0.593249 -0.533296
74915 22.03 0 3.92692 0.593249 -0.533301
74949 22.04 0 3.92692 0.593249 -0.533306
