-0.263672 -1.25227
-0.269987 -1.25

-0.263672 -1.25226
-0.253906 -1.25575

-0.253906 -1.25575
-0.244141 -1.25922

-0.234375 -1.26268
-0.242605 -1.25977

-0.244141 -1.25922
-0.242593 -1.25977

-0.214844 -1.26957
-0.214959 -1.26953

-0.234375 -1.26268
-0.224609 -1.26613

-0.224609 -1.26613
-0.214957 -1.26953

-0.214844 -1.26957
-0.205078 -1.27301

-0.205078 -1.27301
-0.195312 -1.27644

-0.15625 -1.2901
-0.159233 -1.28906

-0.185547 -1.27987
-0.187172 -1.2793

-0.195312 -1.27644
-0.187157 -1.2793

-0.185547 -1.27986
-0.175781 -1.28328

-0.175781 -1.28328
-0.166016 -1.28669

-0.166016 -1.28668
-0.159192 -1.28906

-0.15625 -1.29009
-0.146484 -1.2935

-0.146484 -1.2935
-0.136719 -1.2969

-0.126953 -1.30031
-0.131213 -1.29883

-0.136719 -1.2969
-0.131189 -1.29883

-0.126953 -1.30031
-0.117188 -1.30372

-0.0976562 -1.31056
-0.103264 -1.30859

-0.117188 -1.30372
-0.107422 -1.30713

-0.107422 -1.30711
-0.103174 -1.30859

-0.0976562 -1.31054
-0.0878906 -1.31397

-0.0878906 -1.31397
-0.078125 -1.31742

-0.0390625 -1.33124
-0.0478466 -1.32812

-0.0390625 -1.33124
-0.0292969 -1.33471

-0.0195312 -1.33818
-0.0203347 -1.33789

-0.0292969 -1.33471
-0.0203287 -1.33789

-0.0195312 -1.33817
-0.00976562 -1.34165

-0.00976562 -1.34164
0 -1.34512

-0.0683594 -1.32087
-0.0754678 -1.31836

-0.078125 -1.31741
-0.0754392 -1.31836

-0.0683594 -1.32087
-0.0585938 -1.32432

-0.0585938 -1.32432
-0.0488281 -1.32778

-0.0488281 -1.32777
-0.0478311 -1.32812

-0.976562 -0.789073
-0.982723 -0.78125

-0.947266 -0.824652
-0.950929 -0.820312

-0.9375 -0.83593
-0.942531 -0.830078

-0.947266 -0.82458
-0.942611 -0.830078

-0.966797 -0.801244
-0.967173 -0.800781

-0.957031 -0.813087
-0.959135 -0.810547

-0.966797 -0.801242
-0.959152 -0.810547

-0.967174 -0.800781
-0.97503 -0.791016

-0.976562 -0.789053
-0.975021 -0.791016

-0.957031 -0.813074
-0.950959 -0.820312

-1.03516 -0.708587
-1.0388 -0.703125

-1.02539 -0.723012
-1.02563 -0.722656

-1.01562 -0.737011
-1.01886 -0.732422

-1.02539 -0.723009
-1.01885 -0.732422

-1.02563 -0.722656
-1.03228 -0.712891

-1.03516 -0.708566
-1.03227 -0.712891

-1.05469 -0.678354
-1.05752 -0.673828

-1.05751 -0.673828
-1.06349 -0.664062

-1.07422 -0.646004
-1.07508 -0.644531

-1.08398 -0.628923
-1.08619 -0.625

-1.07508 -0.644531
-1.08069 -0.634766

-1.08398 -0.628904
-1.08069 -0.634766

-1.06445 -0.662461
-1.06935 -0.654297

-1.07422 -0.645996
-1.06935 -0.654297

-1.06445 -0.662446
-1.06349 -0.664062

-1.04492 -0.693735
-1.04516 -0.693359

-1.04516 -0.693359
-1.0514 -0.683594

-1.04492 -0.69373
-1.03879 -0.703125

-1.05469 -0.678334
-1.0514 -0.683594

-0.996094 -0.763754
-0.997601 -0.761719

-1.00586 -0.750558
-1.01192 -0.742188

-0.997623 -0.761719
-1.00485 -0.751953

-1.00586 -0.750532
-1.00484 -0.751953

-0.986328 -0.776603
-0.990235 -0.771484

-0.996094 -0.763747
-0.99025 -0.771484

-0.986328 -0.776537
-0.982732 -0.78125

-1.01562 -0.736859
-1.01194 -0.742188

-0.830078 -0.943663
-0.837032 -0.9375

-0.820312 -0.952197
-0.82605 -0.947266

-0.830078 -0.943698
-0.82599 -0.947266

-0.791016 -0.976841
-0.791357 -0.976562

-0.791016 -0.976839
-0.78125 -0.984708

-0.810547 -0.960574
-0.814746 -0.957031

-0.800781 -0.968801
-0.803197 -0.966797

-0.810547 -0.960609
-0.803175 -0.966797

-0.820312 -0.952282
-0.814692 -0.957031

-0.800781 -0.968809
-0.791354 -0.976562

-0.732422 -1.02175
-0.74082 -1.01562

-0.722656 -1.02871
-0.727318 -1.02539

-0.732422 -1.02176
-0.727338 -1.02539

-0.712891 -1.03556
-0.713483 -1.03516

-0.712891 -1.03556
-0.703125 -1.04227

-0.722656 -1.02872
-0.713474 -1.03516

-0.761719 -0.999931
-0.766735 -0.996094

-0.771484 -0.992413
-0.779191 -0.986328

-0.78125 -0.984723
-0.779212 -0.986328

-0.771484 -0.992454
-0.76673 -0.996094

-0.751953 -1.00737
-0.75398 -1.00586

-0.761719 -0.999964
-0.753943 -1.00586

-0.751953 -1.00737
-0.742188 -1.01463

-0.742188 -1.01465
-0.740836 -1.01562

-0.683594 -1.0553
-0.684551 -1.05469

-0.683594 -1.0553
-0.673828 -1.06164

-0.664062 -1.06784
-0.669391 -1.06445

-0.673828 -1.06165
-0.669415 -1.06445

-0.693359 -1.04884
-0.699179 -1.04492

-0.703125 -1.04229
-0.699209 -1.04492

-0.693359 -1.04885
-0.684528 -1.05469

-0.644531 -1.07993
-0.653853 -1.07422

-0.664062 -1.06785
-0.654297 -1.07395

-0.654297 -1.07395
-0.653854 -1.07422

-0.634766 -1.0858
-0.637791 -1.08398

-0.644531 -1.07994
-0.637805 -1.08398

-0.634766 -1.08581
-0.625 -1.09158

-0.908203 -0.868071
-0.916337 -0.859375

-0.898438 -0.878293
-0.907197 -0.869141

-0.908203 -0.86807
-0.907191 -0.869141

-0.869141 -0.90758
-0.878502 -0.898438

-0.859375 -0.916907
-0.86849 -0.908203

-0.869141 -0.907581
-0.868496 -0.908203

-0.888672 -0.888281
-0.897848 -0.878906

-0.878906 -0.898038
-0.888287 -0.888672

-0.888672 -0.888281
-0.888285 -0.888672

-0.898438 -0.878293
-0.897845 -0.878906

-0.878906 -0.89804
-0.878504 -0.898438

-0.927734 -0.846898
-0.934 -0.839844

-0.917969 -0.857608
-0.925271 -0.849609

-0.927734 -0.846881
-0.925282 -0.849609

-0.9375 -0.835884
-0.934041 -0.839844

-0.917969 -0.857603
-0.916334 -0.859375

-0.849609 -0.926028
-0.858244 -0.917969

-0.839844 -0.934946
-0.847759 -0.927734

-0.849609 -0.926033
-0.847761 -0.927734

-0.859375 -0.916909
-0.858251 -0.917969

-0.839844 -0.934961
-0.837013 -0.9375

-1.09375 -0.611183
-1.09683 -0.605469

-1.10352 -0.592729
-1.10702 -0.585938

-1.09683 -0.605469
-1.10198 -0.595703

-1.10352 -0.592717
-1.10197 -0.595703

-1.11328 -0.573481
-1.11678 -0.566406

-1.12305 -0.553355
-1.12611 -0.546875

-1.11677 -0.566406
-1.12149 -0.556641

-1.12305 -0.553342
-1.12149 -0.556641

-1.10702 -0.585938
-1.11195 -0.576172

-1.11328 -0.57347
-1.11195 -0.576172

-1.13281 -0.532257
-1.13503 -0.527344

-1.14258 -0.510072
-1.14355 -0.507812

-1.13503 -0.527344
-1.13934 -0.517578

-1.14258 -0.510062
-1.13934 -0.517578

-1.15234 -0.48663
-1.1556 -0.478516

-1.1556 -0.478516
-1.15943 -0.46875

-1.14355 -0.507812
-1.14766 -0.498047

-1.14766 -0.498047
-1.15168 -0.488281

-1.15234 -0.486625
-1.15168 -0.488281

-1.12611 -0.546875
-1.13062 -0.537109

-1.13281 -0.532241
-1.13061 -0.537109

-1.17188 -0.43516
-1.17381 -0.429688

-1.17381 -0.429688
-1.17718 -0.419922

-1.17718 -0.419922
-1.18046 -0.410156

-1.18164 -0.406544
-1.18365 -0.400391

-1.18365 -0.400391
-1.18675 -0.390625

-1.18164 -0.406534
-1.18046 -0.410156

-1.19141 -0.375413
-1.1927 -0.371094

-1.1927 -0.371094
-1.19555 -0.361328

-1.19555 -0.361328
-1.19831 -0.351562

-1.18675 -0.390625
-1.18977 -0.380859

-1.19141 -0.375405
-1.18977 -0.380859

-1.20117 -0.341087
-1.20358 -0.332031

-1.19831 -0.351562
-1.20098 -0.341797

-1.20117 -0.341087
-1.20098 -0.341797

-1.20358 -0.332031
-1.20609 -0.322266

-1.20609 -0.322266
-1.20852 -0.3125

-1.16211 -0.461745
-1.16317 -0.458984

-1.16316 -0.458984
-1.1668 -0.449219

-1.16211 -0.461739
-1.15943 -0.46875

-1.1668 -0.449219
-1.17035 -0.439453

-1.17188 -0.435148
-1.17035 -0.439453

-1.08618 -0.625
-1.09156 -0.615234

-1.09375 -0.611166
-1.09156 -0.615234

-1.21094 -0.302411
-1.21313 -0.292969

-1.21313 -0.292969
-1.21532 -0.283203

-1.21532 -0.283203
-1.21742 -0.273438

-1.2207 -0.257387
-1.2214 -0.253906

-1.21742 -0.273438
-1.21945 -0.263672

-1.2207 -0.257381
-1.21945 -0.263672

-1.2214 -0.253906
-1.22326 -0.244141

-1.22326 -0.244141
-1.22505 -0.234375

-1.20852 -0.3125
-1.21086 -0.302734

-1.21094 -0.302411
-1.21086 -0.302734

-1.23047 -0.20169
-1.23144 -0.195312

-1.22505 -0.234375
-1.22676 -0.224609

-1.22676 -0.224609
-1.2284 -0.214844

-1.2284 -0.214844
-1.22996 -0.205078

-1.23047 -0.201692
-1.22996 -0.205078

-1.23144 -0.195312
-1.23284 -0.185547

-1.23284 -0.185547
-1.23416 -0.175781

-1.23416 -0.175781
-1.23541 -0.166016

-1.23541 -0.166016
-1.23658 -0.15625

-1.23657 -0.15625
-1.23766 -0.146484

-1.23766 -0.146484
-1.23868 -0.136719

-1.24023 -0.119921
-1.24048 -0.117188

-1.23868 -0.136719
-1.23961 -0.126953

-1.24023 -0.119927
-1.23961 -0.126953

-1.24048 -0.117188
-1.24126 -0.107422

-1.24126 -0.107422
-1.24197 -0.0976562

-1.24197 -0.0976562
-1.24261 -0.0878906

-1.24261 -0.0878906
-1.24317 -0.078125

-1.24317 -0.078125
-1.24366 -0.0683594

-1.24366 -0.0683594
-1.24408 -0.0585938

-1.24408 -0.0585938
-1.24442 -0.0488281

-1.24442 -0.0488281
-1.24469 -0.0390625

-1.24469 -0.0390625
-1.24489 -0.0292969

-1.24489 -0.0292969
-1.24501 -0.0195312

-1.24501 -0.0195312
-1.24506 -0.00976562

-1.24506 -0.00976562
-1.24504 0

-0.615234 -1.09724
-0.621253 -1.09375

-0.615234 -1.09725
-0.605469 -1.10281

-0.585938 -1.11364
-0.586596 -1.11328

-0.595703 -1.10827
-0.604207 -1.10352

-0.605469 -1.10281
-0.604214 -1.10352

-0.595703 -1.10827
-0.586594 -1.11328

-0.546875 -1.1342
-0.549572 -1.13281

-0.585938 -1.11364
-0.576172 -1.11892

-0.566406 -1.1241
-0.568382 -1.12305

-0.576172 -1.11892
-0.568388 -1.12305

-0.566406 -1.1241
-0.556641 -1.12919

-0.556641 -1.12919
-0.549584 -1.13281

-0.546875 -1.1342
-0.537109 -1.13912

-0.527344 -1.14396
-0.530136 -1.14258

-0.537109 -1.13912
-0.530143 -1.14258

-0.507812 -1.15341
-0.51004 -1.15234

-0.527344 -1.14396
-0.517578 -1.14873

-0.517578 -1.14873
-0.510043 -1.15234

-0.507812 -1.15341
-0.498047 -1.15803

-0.488281 -1.16257
-0.489264 -1.16211

-0.498047 -1.15802
-0.489262 -1.16211

-0.488281 -1.16257
-0.478516 -1.16704

-0.478516 -1.16704
-0.46875 -1.17144

-0.625 -1.09159
-0.621278 -1.09375

-0.458984 -1.17577
-0.467765 -1.17188

-0.458984 -1.17577
-0.449219 -1.18005

-0.439453 -1.18426
-0.445517 -1.18164

-0.449219 -1.18005
-0.445521 -1.18164

-0.439453 -1.18426
-0.429688 -1.18841

-0.419922 -1.1925
-0.422535 -1.19141

-0.419922 -1.1925
-0.410156 -1.19654

-0.429688 -1.1884
-0.422528 -1.19141

-0.410156 -1.19654
-0.400391 -1.20053

-0.390625 -1.20446
-0.398786 -1.20117

-0.400391 -1.20053
-0.398789 -1.20117

-0.46875 -1.17144
-0.467768 -1.17188

-0.371094 -1.21219
-0.374273 -1.21094

-0.371094 -1.21219
-0.361328 -1.21598

-0.361328 -1.21598
-0.351562 -1.21974

-0.390625 -1.20446
-0.380859 -1.20835

-0.380859 -1.20835
-0.374274 -1.21094

-0.341797 -1.22347
-0.349053 -1.2207

-0.351562 -1.21974
-0.349036 -1.2207

-0.341797 -1.22347
-0.332031 -1.22717

-0.322266 -1.23084
-0.323257 -1.23047

-0.322266 -1.23084
-0.3125 -1.23448

-0.332031 -1.22717
-0.323246 -1.23047

-0.3125 -1.23448
-0.302734 -1.23809

-0.292969 -1.24168
-0.296903 -1.24023

-0.302734 -1.23809
-0.296896 -1.24023

-0.292969 -1.24168
-0.283203 -1.24523

-0.283203 -1.24523
-0.273438 -1.24876

-0.273438 -1.24876
-0.269979 -1.25

-1.24504 0
-1.24494 0.00976562

-1.24494 0.00976562
-1.24477 0.0195312

-1.24477 0.0195312
-1.24453 0.0292969

-1.24453 0.0292969
-1.24422 0.0390625

-1.24422 0.0390625
-1.24383 0.0488281

-1.24383 0.0488281
-1.24338 0.0585938

-1.24338 0.0585938
-1.24285 0.0683594

-1.24285 0.0683594
-1.24224 0.078125

-1.24224 0.078125
-1.24157 0.0878906

-1.24157 0.0878906
-1.24082 0.0976562

-1.24082 0.0976562
-1.24023 0.104675

-1.24023 0.104669
-1.24 0.107422

-1.24 0.107422
-1.23911 0.117188

-1.23911 0.117188
-1.23815 0.126953

-1.23815 0.126953
-1.23712 0.136719

-1.23712 0.136719
-1.23601 0.146484

-1.23601 0.146484
-1.23483 0.15625

-1.23483 0.15625
-1.23358 0.166016

-1.23358 0.166016
-1.23226 0.175781

-1.23226 0.175781
-1.23085 0.185547

-1.23085 0.185547
-1.23047 0.188073

-1.23047 0.18808
-1.22937 0.195312

-1.22937 0.195312
-1.22781 0.205078

-1.22781 0.205078
-1.22617 0.214844

-1.22617 0.214844
-1.22446 0.224609

-1.22446 0.224609
-1.22267 0.234375

-1.22267 0.234375
-1.22079 0.244141

-1.22079 0.244141
-1.2207 0.244601

-1.2207 0.244598
-1.21884 0.253906

-1.21884 0.253906
-1.21682 0.263672

-1.21682 0.263672
-1.21471 0.273438

-1.21471 0.273438
-1.21252 0.283203

-1.21252 0.283203
-1.21094 0.29004

-1.21094 0.290049
-1.21026 0.292969

-1.21026 0.292969
-1.20791 0.302734

-1.20791 0.302734
-1.20549 0.3125

-1.20549 0.3125
-1.20298 0.322266

-1.20298 0.322266
-1.20117 0.329103

-1.20117 0.329109
-1.2004 0.332031

-1.2004 0.332031
-1.19773 0.341797

-1.19773 0.341797
-1.19498 0.351562

-1.19498 0.351562
-1.19216 0.361328

-1.19215 0.361328
-1.19141 0.363834

-1.19141 0.363843
-1.18924 0.371094

-1.18924 0.371094
-1.18625 0.380859

-1.18625 0.380859
-1.18317 0.390625

-1.18316 0.390625
-1.18164 0.395325

-1.18164 0.395341
-1.18 0.400391

-1.18 0.400391
-1.17675 0.410156

-1.17675 0.410156
-1.17341 0.419922

-1.1734 0.419922
-1.17188 0.424283

-1.17188 0.424307
-1.17001 0.429688

-1.16999 0.429688
-1.16648 0.439453

-1.16648 0.439453
-1.16288 0.449219

-1.16288 0.449219
-1.16211 0.451266

-1.16211 0.451273
-1.1592 0.458984

-1.1592 0.458984
-1.15542 0.46875

-1.15542 0.46875
-1.15234 0.47653

-1.15234 0.47654
-1.15156 0.478516

-1.15156 0.478516
-1.1476 0.488281

-1.1476 0.488281
-1.14355 0.498047

-1.14355 0.498047
-1.14258 0.500344

-1.14258 0.500352
-1.13941 0.507812

-1.13941 0.507812
-1.13518 0.517578

-1.13518 0.517578
-1.13281 0.522907

-1.13281 0.522928
-1.13085 0.527344

-1.13085 0.527344
-1.12642 0.537109

-1.12642 0.537109
-1.12305 0.544398

-1.12305 0.54441
-1.12191 0.546875

-1.1219 0.546875
-1.11728 0.556641

-1.11728 0.556641
-1.11328 0.564915

-1.11328 0.564924
-1.11256 0.566406

-1.11256 0.566406
-1.10774 0.576172

-1.10774 0.576172
-1.10352 0.584553

-1.10352 0.584561
-1.10282 0.585938

-1.10282 0.585938
-1.09779 0.595703

-1.09779 0.595703
-1.09375 0.603399

-1.09375 0.603413
-1.09267 0.605469

-1.09266 0.605469
-1.08743 0.615234

-1.08743 0.615234
-1.08398 0.621526

-1.08398 0.621545
-1.08209 0.625

-1.08209 0.625
-1.07664 0.634766

-1.07663 0.634766
-1.07422 0.639003

-1.07422 0.639027
-1.07108 0.644531

-1.07108 0.644531
-1.06541 0.654297

-1.0654 0.654297
-1.06445 0.655909

-1.06445 0.655907
-1.05962 0.664062

-1.05962 0.664062
-1.05469 0.672228

-1.05469 0.67224
-1.05373 0.673828

-1.05372 0.673828
-1.04771 0.683594

-1.0477 0.683594
-1.04492 0.688015

-1.04492 0.688041
-1.04158 0.693359

-1.04157 0.693359
-1.03532 0.703125

-1.03532 0.703125
-1.03516 0.703387

-1.03516 0.70338
-1.02895 0.712891

-1.02894 0.712891
-1.02539 0.718229

-1.02539 0.718256
-1.02246 0.722656

-1.02245 0.722656
-1.01583 0.732422

-1.01583 0.732422
-1.01562 0.732727

-1.01562 0.732721
-1.00908 0.742188

-1.00907 0.742188
-1.00586 0.746758

-1.00586 0.746773
-1.00221 0.751953

-1.0022 0.751953
-0.996094 0.760451

-0.996094 0.760466
-0.995202 0.761719

-0.995186 0.761719
-0.988032 0.771484

-0.988024 0.771484
-0.986328 0.773803

-0.986328 0.773763
-0.980739 0.78125

-0.980706 0.78125
-0.976562 0.786775

-0.976562 0.786732
-0.973345 0.791016

-0.973305 0.791016
-0.966797 0.799396

-0.966797 0.799413
-0.965736 0.800781

-0.965724 0.800781
-0.957996 0.810547

-0.957991 0.810547
-0.957031 0.811752

-0.957031 0.811745
-0.950121 0.820312

-0.950106 0.820312
-0.947266 0.823821

-0.947266 0.823769
-0.942098 0.830078

-0.942046 0.830078
-0.9375 0.835597

-0.9375 0.835557
-0.933942 0.839844

-0.933898 0.839844
-0.927734 0.847076

-0.927734 0.847091
-0.925581 0.849609

-0.925566 0.849609
-0.917969 0.858328

-0.917969 0.85834
-0.917061 0.859375

-0.917058 0.859375
-0.90838 0.869141

-0.908378 0.869141
-0.908203 0.869336

-0.908203 0.869336
-0.899531 0.878906

-0.899523 0.878906
-0.898438 0.880091

-0.898438 0.880092
-0.890509 0.888672

-0.890491 0.888672
-0.888672 0.890617

-0.888672 0.890608
-0.881319 0.898438

-0.88127 0.898438
-0.878906 0.900918

-0.878906 0.900924
-0.871941 0.908203

-0.871895 0.908203
-0.869141 0.911033

-0.869141 0.911036
-0.862337 0.917969

-0.862321 0.917969
-0.859375 0.920933

-0.859375 0.92094
-0.852544 0.927734

-0.852551 0.927734
-0.849609 0.930633

-0.849609 0.93064
-0.842545 0.9375

-0.842587 0.9375
-0.839844 0.940147

-0.839844 0.94016
-0.832339 0.947266

-0.832386 0.947266
-0.830078 0.949447

-0.830078 0.949453
-0.821957 0.957031

-0.821974 0.957031
-0.820312 0.958571

-0.820312 0.958574
-0.81134 0.966797

-0.811343 0.966797
-0.810547 0.96752

-0.810547 0.967523
-0.800781 0.976297

-0.800781 0.976296
-0.800481 0.976562

-0.800479 0.976562
-0.791016 0.9849

-0.791016 0.984892
-0.789361 0.986328

-0.789364 0.986328
-0.78125 0.993338

-0.78125 0.993336
-0.777988 0.996094

-0.778026 0.996094
-0.771484 1.0016

-0.771484 1.00165
-0.766342 1.00586

-0.766417 1.00586
-0.761719 1.00969

-0.761719 1.00973
-0.754501 1.01562

-0.754506 1.01562
-0.751953 1.01768

-0.751953 1.0177
-0.742353 1.02539

-0.74235 1.02539
-0.742188 1.02552

-0.742188 1.02552
-0.732422 1.0332

-0.732422 1.03319
-0.729858 1.03516

-0.729895 1.03516
-0.722656 1.04074

-0.722656 1.04075
-0.717137 1.04492

-0.717154 1.04492
-0.712891 1.0481

-0.712891 1.04814
-0.704083 1.05469

-0.704084 1.05469
-0.703125 1.05539

-0.703125 1.0554
-0.693359 1.06253

-0.693359 1.06253
-0.690627 1.06445

-0.690687 1.06445
-0.683594 1.06954

-0.683594 1.06954
-0.676937 1.07422

-0.67694 1.07422
-0.673828 1.07636

-0.673828 1.0764
-0.664062 1.08314

-0.664062 1.08314
-0.662797 1.08398

-0.662822 1.08398
-0.654297 1.08976

-0.654297 1.08976
-0.648302 1.09375

-0.64831 1.09375
-0.644531 1.09625

-0.644531 1.09626
-0.634766 1.10264

-0.634766 1.10264
-0.633369 1.10352

-0.633399 1.10352
-0.625 1.1089

-0.625 1.1089
-0.618036 1.11328

-0.618042 1.11328
-0.615234 1.11504

-0.615234 1.11504
-0.605469 1.12108

-0.605469 1.12107
-0.602216 1.12305

-0.602222 1.12305
-0.595703 1.127

-0.595703 1.127
-0.585938 1.13281

-0.585935 1.13281
-0.576172 1.13851

-0.576172 1.13851
-0.569078 1.14258

-0.569078 1.14258
-0.566406 1.14411

-0.566406 1.14411
-0.556641 1.1496

-0.556641 1.1496
-0.551665 1.15234

-0.551669 1.15234
-0.546875 1.15499

-0.546875 1.15499
-0.537109 1.16027

-0.537109 1.16027
-0.533652 1.16211

-0.533656 1.16211
-0.527344 1.16546

-0.527344 1.16546
-0.517578 1.17055

-0.517578 1.17053
-0.514955 1.17188

-0.514959 1.17188
-0.507812 1.17556

-0.507812 1.17554
-0.498047 1.18043

-0.498047 1.18043
-0.495587 1.18164

-0.495585 1.18164
-0.488281 1.18523

-0.488281 1.18523
-0.478516 1.18993

-0.478516 1.18993
-0.475391 1.19141

-0.47539 1.19141
-0.46875 1.19454

-0.46875 1.19454
-0.458984 1.19906

-0.458984 1.19906
-0.454326 1.20117

-0.454324 1.20117
-0.449219 1.20349

-0.449219 1.20349
-0.439453 1.20783

-0.439453 1.20782
-0.432301 1.21094

-0.432297 1.21094
-0.429688 1.21209

-0.429688 1.21208
-0.419922 1.21624

-0.419922 1.21624
-0.410156 1.22032

-0.410156 1.22032
-0.409218 1.2207

-0.409215 1.2207
-0.400391 1.22431

-0.400391 1.22431
-0.390625 1.22822

-0.390625 1.22822
-0.384871 1.23047

-0.384868 1.23047
-0.380859 1.23204

-0.380859 1.23204
-0.371094 1.23578

-0.371094 1.23578
-0.361328 1.23944

-0.361328 1.23944
-0.359148 1.24023

-0.359148 1.24023
-0.351562 1.24301

-0.351562 1.24301
-0.341797 1.24652

-0.341797 1.24652
-0.332031 1.24994

-0.332031 1.24995
-0.331899 1.25

-0.331893 1.25
-0.3125 1.25655

-0.3125 1.25653
-0.302734 1.25971

-0.302734 1.25972
-0.302579 1.25977

-0.302574 1.25977
-0.292969 1.26282

-0.292969 1.26282
-0.283203 1.26585

-0.283203 1.26585
-0.273438 1.26879

-0.273438 1.2688
-0.270938 1.26953

-0.270922 1.26953
-0.263672 1.27166

-0.263672 1.27166
-0.253906 1.27446

-0.253906 1.27446
-0.244141 1.27718

-0.244141 1.27718
-0.23631 1.2793

-0.236302 1.2793
-0.234375 1.27982

-0.234375 1.27982
-0.224609 1.28239

-0.224609 1.28239
-0.214844 1.28489

-0.214844 1.28489
-0.205078 1.28732

-0.205078 1.28732
-0.197858 1.28906

-0.197847 1.28906
-0.195312 1.28968

-0.195312 1.28968
-0.185547 1.29196

-0.185547 1.29196
-0.175781 1.29418

-0.175781 1.29418
-0.166016 1.29633

-0.166016 1.29633
-0.15625 1.2984

-0.15625 1.2984
-0.15419 1.29883

-0.154175 1.29883
-0.146484 1.30041

-0.146484 1.30041
-0.136719 1.30235

-0.136719 1.30235
-0.126953 1.30421

-0.126953 1.30421
-0.117188 1.30601

-0.117188 1.30601
-0.107422 1.30774

-0.107422 1.30774
-0.102404 1.30859

-0.10237 1.30859
-0.0976562 1.30939

-0.0976562 1.3094
-0.0878906 1.31099

-0.0878906 1.31099
-0.078125 1.31251

-0.078125 1.31251
-0.0683594 1.31397

-0.0683594 1.31397
-0.0585938 1.31535

-0.0585938 1.31535
-0.0488281 1.31668

-0.0488281 1.31668
-0.0390625 1.31794

-0.0390625 1.31794
-0.0356111 1.31836

-0.0355817 1.31836
-0.0292969 1.31913

-0.0292969 1.31913
-0.0195312 1.32026

-0.0195312 1.32026
-0.00976562 1.32132

-0.00976562 1.32132
0 1.32232

0.00976562 -1.34863
0.00703621 -1.34766

0.00976562 -1.34861
0.0195312 -1.35212

0 -1.34511
0.00710725 -1.34766

0.0195312 -1.35212
0.0292969 -1.35564

0.0390625 -1.35918
0.0341864 -1.35742

0.0292969 -1.35564
0.0342362 -1.35742

0.0683594 -1.36978
0.0611959 -1.36719

0.0683594 -1.36978
0.078125 -1.37333

0.0390625 -1.35918
0.0488281 -1.36271

0.0488281 -1.36271
0.0585938 -1.36624

0.0585938 -1.36623
0.0612399 -1.36719

0.078125 -1.37333
0.0878906 -1.37689

0.0976562 -1.38046
0.0880624 -1.37695

0.0878906 -1.37689
0.0880689 -1.37695

0.117188 -1.38761
0.114738 -1.38672

0.0976562 -1.38046
0.107422 -1.38403

0.107422 -1.38402
0.114793 -1.38672

0.117188 -1.3876
0.126953 -1.39117

0.126953 -1.39117
0.136719 -1.39475

0.146484 -1.39832
0.141457 -1.39648

0.136719 -1.39474
0.141485 -1.39648

0.146484 -1.39832
0.15625 -1.40188

0.175781 -1.40901
0.168205 -1.40625

0.175781 -1.40901
0.185547 -1.41257

0.195312 -1.41613
0.195008 -1.41602

0.185547 -1.41257
0.195008 -1.41602

0.195312 -1.41613
0.205078 -1.41967

0.205078 -1.41967
0.214844 -1.42319

0.224609 -1.42672
0.222009 -1.42578

0.224609 -1.4267
0.234375 -1.4302

0.214844 -1.42318
0.222068 -1.42578

0.234375 -1.4302
0.244141 -1.43368

0.253906 -1.43714
0.249416 -1.43555

0.244141 -1.43367
0.249434 -1.43555

0.253906 -1.43713
0.263672 -1.44056

0.263672 -1.44056
0.273438 -1.44397

0.283203 -1.44736
0.277289 -1.44531

0.283203 -1.44735
0.292969 -1.45071

0.292969 -1.45071
0.302734 -1.45403

0.3125 -1.45733
0.305821 -1.45508

0.302734 -1.45402
0.305857 -1.45508

0.273438 -1.44397
0.27734 -1.44531

0.15625 -1.40188
0.166016 -1.40545

0.166016 -1.40543
0.168264 -1.40625

0.3125 -1.45733
0.322266 -1.46059

0.322266 -1.46059
0.332031 -1.46383

0.341797 -1.46705
0.335079 -1.46484

0.341797 -1.46704
0.351562 -1.47023

0.332031 -1.46381
0.335176 -1.46484

0.351562 -1.47023
0.361328 -1.47337

0.371094 -1.47648
0.365214 -1.47461

0.361328 -1.47338
0.3652 -1.47461

0.371094 -1.47648
0.380859 -1.47955

0.380859 -1.47955
0.390625 -1.48257

0.400391 -1.48554
0.39656 -1.48438

0.400391 -1.48555
0.410156 -1.48848

0.410156 -1.48848
0.419922 -1.49136

0.429688 -1.4942
0.429486 -1.49414

0.419922 -1.49136
0.429489 -1.49414

0.429688 -1.4942
0.439453 -1.49699

0.439453 -1.49699
0.449219 -1.49973

0.46875 -1.50509
0.464389 -1.50391

0.449219 -1.49973
0.458984 -1.50243

0.458984 -1.50242
0.464448 -1.50391

0.390625 -1.48258
0.396566 -1.48438

0.46875 -1.50508
0.478516 -1.50769

0.478516 -1.50769
0.488281 -1.51024

0.488281 -1.51024
0.498047 -1.51274

0.507812 -1.51517
0.50181 -1.51367

0.498047 -1.51275
0.501736 -1.51367

0.546875 -1.52432
0.543015 -1.52344

0.507812 -1.51518
0.517578 -1.51755

0.517578 -1.51755
0.527344 -1.51987

0.527344 -1.51987
0.537109 -1.52212

0.537109 -1.52212
0.542977 -1.52344

0.546875 -1.52431
0.556641 -1.52645

0.556641 -1.52645
0.566406 -1.52852

0.566406 -1.52852
0.576172 -1.53053

0.576172 -1.53053
0.585938 -1.53248

0.595703 -1.53436
0.589699 -1.5332

0.585938 -1.53248
0.589694 -1.5332

0.595703 -1.53436
0.605469 -1.53619

0.605469 -1.53619
0.615234 -1.53795

0.615234 -1.53795
0.625 -1.53965

0.625 -1.53965
0.634766 -1.54129

0.634766 -1.54129
0.644531 -1.54287

0.654297 -1.54438
0.645194 -1.54297

0.654297 -1.54438
0.664062 -1.54584

0.644531 -1.54286
0.645227 -1.54297

0.664062 -1.54584
0.673828 -1.54723

0.673828 -1.54724
0.683594 -1.54856

0.683594 -1.54856
0.693359 -1.54982

0.693359 -1.54982
0.703125 -1.551

0.703125 -1.551
0.712891 -1.55211

0.722656 -1.55315
0.718772 -1.55273

0.712891 -1.55211
0.718752 -1.55273

0.722656 -1.55315
0.732422 -1.55411

0.732422 -1.55411
0.742188 -1.55499

0.742188 -1.55499
0.751953 -1.5558

0.751953 -1.5558
0.761719 -1.55653

0.761719 -1.55653
0.771484 -1.55719

0.771484 -1.55719
0.78125 -1.55776

0.78125 -1.55776
0.791016 -1.55826

0.791016 -1.55826
0.800781 -1.55868

0.800781 -1.55868
0.810547 -1.55903

0.810547 -1.55903
0.820312 -1.55929

0.820312 -1.55929
0.830078 -1.55948

0.830078 -1.55948
0.839844 -1.55958

0.839844 -1.55958
0.849609 -1.5596

0.849609 -1.5596
0.859375 -1.55955

0.859375 -1.55955
0.869141 -1.55941

0.869141 -1.55941
0.878906 -1.55918

0.878906 -1.55918
0.888672 -1.55888

0.888672 -1.55888
0.898438 -1.55848

0.898438 -1.55848
0.908203 -1.55801

0.908203 -1.55801
0.917969 -1.55745

0.917969 -1.55745
0.927734 -1.5568

0.927734 -1.5568
0.9375 -1.55607

0.9375 -1.55607
0.947266 -1.55526

0.947266 -1.55526
0.957031 -1.55435

0.957031 -1.55435
0.966797 -1.55336

0.966797 -1.55336
0.972503 -1.55273

0.972476 -1.55273
0.976562 -1.55228

0.976562 -1.55229
0.986328 -1.55112

0.986328 -1.55112
0.996094 -1.54987

0.996094 -1.54987
1.00586 -1.54853

1.00586 -1.54853
1.01562 -1.5471

1.01562 -1.5471
1.02539 -1.54558

1.02539 -1.54558
1.03516 -1.54398

1.03516 -1.54398
1.04101 -1.54297

1.04093 -1.54297
1.04492 -1.54228

1.04492 -1.54228
1.05469 -1.5405

1.05469 -1.5405
1.06445 -1.53863

1.06445 -1.53863
1.07422 -1.53667

1.07422 -1.53667
1.08398 -1.53461

1.08398 -1.53462
1.09041 -1.5332

1.09034 -1.5332
1.09375 -1.53245

1.09375 -1.53246
1.10352 -1.53022

1.10352 -1.53022
1.11328 -1.52788

1.11328 -1.52788
1.12305 -1.52544

1.12305 -1.52545
1.1308 -1.52344

1.13072 -1.52344
1.13281 -1.52291

1.13281 -1.52291
1.14258 -1.52028

1.14258 -1.52028
1.15234 -1.51755

1.15234 -1.51755
1.16211 -1.51471

1.16211 -1.51471
1.16557 -1.51367

1.16557 -1.51367
1.17188 -1.51177

1.17188 -1.51177
1.18164 -1.50873

1.18164 -1.50873
1.19141 -1.50559

1.19141 -1.5056
1.19648 -1.50391

1.19643 -1.50391
1.20117 -1.50233

1.20117 -1.50234
1.21094 -1.49898

1.21094 -1.49898
1.2207 -1.49551

1.2207 -1.49552
1.22447 -1.49414

1.22444 -1.49414
1.23047 -1.49193

1.23047 -1.49194
1.24023 -1.48825

1.24023 -1.48825
1.25 -1.48446

1.25 -1.48446
1.2502 -1.48438

1.2502 -1.48438
1.25977 -1.48054

1.25977 -1.48055
1.26953 -1.47652

1.26953 -1.47653
1.27405 -1.47461

1.27402 -1.47461
1.2793 -1.47237

1.2793 -1.47238
1.28906 -1.46812

1.28906 -1.46813
1.29638 -1.46484

1.2963 -1.46484
1.29883 -1.46371

1.29883 -1.46374
1.30859 -1.45923

1.30859 -1.45924
1.31738 -1.45508

1.31729 -1.45508
1.31836 -1.45457

1.31836 -1.45461
1.32812 -1.44986

1.32812 -1.44989
1.33717 -1.44531

1.33711 -1.44531
1.33789 -1.44492

1.33789 -1.44498
1.34766 -1.43996

1.34766 -1.43997
1.35606 -1.43555

1.35598 -1.43555
1.35742 -1.43479

1.35742 -1.43482
1.36719 -1.42954

1.36719 -1.42956
1.374 -1.42578

1.37392 -1.42578
1.37695 -1.4241

1.37695 -1.42413
1.38672 -1.41857

1.38672 -1.41859
1.39113 -1.41602

1.39108 -1.41602
1.39648 -1.41286

1.39648 -1.41288
1.40625 -1.40703

1.40625 -1.40703
1.40755 -1.40625

1.40753 -1.40625
1.41602 -1.40104

1.41602 -1.40105
1.42327 -1.39648

1.42321 -1.39648
1.42578 -1.39488

1.42578 -1.3949
1.43555 -1.3886

1.43555 -1.3886
1.43843 -1.38672

1.43839 -1.38672
1.44531 -1.38214

1.44531 -1.38216
1.45299 -1.37695

1.45289 -1.37695
1.45508 -1.3755

1.45508 -1.37553
1.46484 -1.36874

1.46484 -1.36874
1.46708 -1.36719

1.46703 -1.36719
1.47461 -1.36179

1.47461 -1.36181
1.48063 -1.35742

1.48054 -1.35742
1.48438 -1.35466

1.48438 -1.35467
1.49376 -1.34766

1.4937 -1.34766
1.49414 -1.34732

1.49414 -1.34737
1.50391 -1.33989

1.50391 -1.33989
1.5065 -1.33789

1.50644 -1.33789
1.51367 -1.33221

1.51367 -1.33222
1.51885 -1.32812

1.51869 -1.32812
1.52344 -1.32433

1.52344 -1.32438
1.53075 -1.31836

1.53061 -1.31836
1.5332 -1.31622

1.5332 -1.3163
1.54231 -1.30859

1.54228 -1.30859
1.54297 -1.308

1.54297 -1.30804
1.55273 -1.29957

1.55273 -1.29957
1.55357 -1.29883

1.55357 -1.29883
1.5625 -1.29088

1.5625 -1.29089
1.56452 -1.28906

1.56448 -1.28906
1.57227 -1.28197

1.57227 -1.28196
1.57514 -1.2793

1.57508 -1.2793
1.58203 -1.27284

1.58203 -1.27281
1.58548 -1.26953

1.58544 -1.26953
1.5918 -1.26342

1.5918 -1.26344
1.59555 -1.25977

1.59551 -1.25977
1.60156 -1.25377

1.60156 -1.25379
1.60533 -1.25

1.60532 -1.25
1.61133 -1.24387

1.61133 -1.24388
1.61485 -1.24023

1.61489 -1.24023
1.62109 -1.23369

1.62109 -1.23369
1.62413 -1.23047

1.62418 -1.23047
1.63086 -1.22323

1.63086 -1.22325
1.6332 -1.2207

1.63322 -1.2207
1.64062 -1.21252

1.64062 -1.21254
1.64206 -1.21094

1.64205 -1.21094
1.65039 -1.20149

1.65039 -1.2015
1.65067 -1.20117

1.65067 -1.20117
1.65908 -1.19141

1.65906 -1.19141
1.66016 -1.19011

1.66016 -1.19013
1.66729 -1.18164

1.6673 -1.18164
1.66992 -1.17843

1.66992 -1.17844
1.67528 -1.17188

1.67532 -1.17188
1.67969 -1.16636

1.67969 -1.16645
1.68309 -1.16211

1.68312 -1.16211
1.68945 -1.15401

1.68945 -1.15404
1.69075 -1.15234

1.69075 -1.15234
1.69821 -1.14258

1.69822 -1.14258
1.69922 -1.14124

1.69922 -1.14123
1.7055 -1.13281

1.7055 -1.13281
1.70898 -1.12802

1.70898 -1.12805
1.71261 -1.12305

1.71262 -1.12305
1.71875 -1.11443

1.71875 -1.11445
1.71956 -1.11328

1.71957 -1.11328
1.72636 -1.10352

1.72638 -1.10352
1.72852 -1.10035

1.72852 -1.10034
1.733 -1.09375

1.733 -1.09375
1.73828 -1.0858

1.73828 -1.08584
1.73948 -1.08398

1.73949 -1.08398
1.74582 -1.07422

1.74583 -1.07422
1.74805 -1.07072

1.74805 -1.07071
1.75201 -1.06445

1.75202 -1.06445
1.75781 -1.0551

1.75781 -1.05511
1.75807 -1.05469

1.75807 -1.05469
1.76398 -1.04492

1.76398 -1.04492
1.76758 -1.03883

1.76758 -1.03884
1.76976 -1.03516

1.76976 -1.03516
1.7754 -1.02539

1.7754 -1.02539
1.77734 -1.02195

1.77734 -1.02195
1.78091 -1.01562

1.78091 -1.01562
1.7863 -1.00586

1.7863 -1.00586
1.78711 -1.00435

1.78711 -1.00436
1.79156 -0.996094

1.79156 -0.996094
1.7967 -0.986328

1.7967 -0.986328
1.79688 -0.985992

1.79688 -0.985936
1.80175 -0.976562

1.80172 -0.976562
1.80662 -0.966797

1.80662 -0.966797
1.80664 -0.96676

1.80664 -0.966759
1.81141 -0.957031

1.81141 -0.957031
1.81608 -0.947266

1.81608 -0.947266
1.81641 -0.946559

1.81641 -0.946561
1.82064 -0.9375

1.82064 -0.9375
1.82508 -0.927734

1.82508 -0.927734
1.82617 -0.925273

1.82617 -0.925288
1.82942 -0.917969

1.82942 -0.917969
1.83365 -0.908203

1.83365 -0.908203
1.83594 -0.902793

1.83594 -0.902777
1.8378 -0.898438

1.83778 -0.898438
1.8418 -0.888672

1.8418 -0.888672
1.8457 -0.878954

1.8457 -0.878966
1.84573 -0.878906

1.84572 -0.878906
1.84954 -0.869141

1.84954 -0.869141
1.85326 -0.859375

1.85326 -0.859375
1.85547 -0.85342

1.85547 -0.853416
1.85688 -0.849609

1.85688 -0.849609
1.8604 -0.839844

1.8604 -0.839844
1.86383 -0.830078

1.86382 -0.830078
1.86523 -0.825948

1.86523 -0.825987
1.86717 -0.820312

1.86717 -0.820312
1.87041 -0.810547

1.87041 -0.810547
1.87355 -0.800781

1.87355 -0.800781
1.875 -0.796139

1.875 -0.79618
1.87662 -0.791016

1.87661 -0.791016
1.87958 -0.78125

1.87958 -0.78125
1.88246 -0.771484

1.88245 -0.771484
1.88477 -0.763386

1.88477 -0.763459
1.88526 -0.761719

1.88525 -0.761719
1.88795 -0.751953

1.88795 -0.751953
1.89056 -0.742188

1.89056 -0.742188
1.8931 -0.732422

1.89309 -0.732422
1.89453 -0.726688

1.89453 -0.726698
1.89554 -0.722656

1.89554 -0.722656
1.8979 -0.712891

1.8979 -0.712891
1.90018 -0.703125

1.90018 -0.703125
1.90238 -0.693359

1.90238 -0.693359
1.9043 -0.684513

1.9043 -0.684596
1.90451 -0.683594

1.9045 -0.683594
1.90653 -0.673828

1.90653 -0.673828
1.90849 -0.664062

1.90849 -0.664062
1.91037 -0.654297

1.91037 -0.654297
1.91217 -0.644531

1.91217 -0.644531
1.91389 -0.634766

1.91388 -0.634766
1.91406 -0.633696

1.91406 -0.633639
1.91555 -0.625

1.91553 -0.625
1.9171 -0.615234

1.9171 -0.615234
1.91859 -0.605469

1.91859 -0.605469
1.92001 -0.595703

1.92001 -0.595703
1.92135 -0.585938

1.92135 -0.585938
1.92262 -0.576172

1.92262 -0.576172
1.92381 -0.566406

1.92381 -0.566406
1.92383 -0.56623

1.92383 -0.566231
1.92493 -0.556641

1.92493 -0.556641
1.92597 -0.546875

1.92597 -0.546875
1.92694 -0.537109

1.92694 -0.537109
1.92784 -0.527344

1.92784 -0.527344
1.92867 -0.517578

1.92867 -0.517578
1.92942 -0.507812

1.92942 -0.507812
1.93011 -0.498047

1.93011 -0.498047
1.93072 -0.488281

1.93072 -0.488281
1.93126 -0.478516

1.93126 -0.478516
1.93174 -0.46875

1.93174 -0.46875
1.93214 -0.458984

1.93214 -0.458984
1.93247 -0.449219

1.93247 -0.449219
1.93274 -0.439453

1.93274 -0.439453
1.93293 -0.429688

1.93293 -0.429688
1.93306 -0.419922

1.93306 -0.419922
1.93312 -0.410156

1.93312 -0.410156
1.9331 -0.400391

1.9331 -0.400391
1.93302 -0.390625

1.93302 -0.390625
1.93287 -0.380859

1.93287 -0.380859
1.93266 -0.371094

1.93266 -0.371094
1.93237 -0.361328

1.93237 -0.361328
1.93202 -0.351562

1.93202 -0.351562
1.9316 -0.341797

1.9316 -0.341797
1.93111 -0.332031

1.93111 -0.332031
1.93056 -0.322266

1.93056 -0.322266
1.92994 -0.3125

1.92994 -0.3125
1.92925 -0.302734

1.92925 -0.302734
1.9285 -0.292969

1.9285 -0.292969
1.92768 -0.283203

1.92768 -0.283203
1.92679 -0.273438

1.92679 -0.273438
1.92584 -0.263672

1.92584 -0.263672
1.92482 -0.253906

1.92383 -0.24491
1.92374 -0.244141

1.92374 -0.244141
1.92259 -0.234375

1.92383 -0.244914
1.92482 -0.253906

1.91406 -0.174038
1.91108 -0.15625

1.92259 -0.234375
1.92138 -0.224609

1.92138 -0.224609
1.9201 -0.214844

1.9201 -0.214844
1.91876 -0.205078

1.91876 -0.205078
1.91735 -0.195312

1.91735 -0.195312
1.91588 -0.185547

1.91588 -0.185547
1.91434 -0.175781

1.91406 -0.174091
1.91434 -0.175781

1.91106 -0.15625
1.90932 -0.146484

1.90932 -0.146484
1.90752 -0.136719

1.9043 -0.120109
1.90372 -0.117188

1.90752 -0.136719
1.90565 -0.126953

1.9043 -0.120118
1.90565 -0.126953

1.90372 -0.117188
1.90172 -0.107422

1.90172 -0.107422
1.89966 -0.0976562

1.89966 -0.0976562
1.89754 -0.0878906

1.89754 -0.0878906
1.89535 -0.078125

1.89453 -0.0745813
1.89309 -0.0683594

1.89309 -0.0683594
1.89077 -0.0585938

1.89077 -0.0585938
1.88839 -0.0488281

1.88839 -0.0488281
1.88593 -0.0390625

1.89453 -0.0746198
1.89534 -0.078125

1.88477 -0.0345143
1.88342 -0.0292969

1.88342 -0.0292969
1.88083 -0.0195312

1.88477 -0.0345543
1.88593 -0.0390625

1.88083 -0.0195312
1.87819 -0.00976562

1.87819 -0.00976562
1.87547 0

0.664062 1.24777
0.657052 1.25

0.664062 1.24775
0.673828 1.24454

0.673828 1.24454
0.683594 1.24128

0.693359 1.23794
0.686649 1.24023

0.683594 1.24127
0.68664 1.24023

0.693359 1.23794
0.703125 1.23455

0.722656 1.22756
0.714599 1.23047

0.703125 1.23455
0.712891 1.23108

0.712891 1.23108
0.714579 1.23047

0.722656 1.22755
0.732422 1.22396

0.742188 1.2203
0.741102 1.2207

0.732422 1.22396
0.741097 1.2207

0.771484 1.20892
0.766382 1.21094

0.771484 1.20892
0.78125 1.205

0.742188 1.22029
0.751953 1.21657

0.751953 1.21657
0.761719 1.21278

0.761719 1.21277
0.766366 1.21094

0.859375 1.17123
0.857947 1.17188

0.791016 1.20101
0.790623 1.20117

0.78125 1.205
0.790624 1.20117

0.791016 1.20101
0.800781 1.19696

0.820312 1.18866
0.813917 1.19141

0.800781 1.19696
0.810547 1.19284

0.810547 1.19283
0.813878 1.19141

0.820312 1.18866
0.830078 1.1844

0.839844 1.18008
0.836329 1.18164

0.830078 1.1844
0.836299 1.18164

0.839844 1.18008
0.849609 1.17568

0.849609 1.17568
0.857933 1.17188

0.859375 1.17122
0.869141 1.16668

0.878906 1.16208
0.878848 1.16211

0.869141 1.16668
0.878848 1.16211

0.878906 1.16208
0.888672 1.15741

0.888672 1.15741
0.898438 1.15266

0.908203 1.14785
0.899089 1.15234

0.908203 1.14785
0.917969 1.14296

0.898438 1.15266
0.89908 1.15234

0.927734 1.13799
0.918715 1.14258

0.917969 1.14295
0.918706 1.14258

0.927734 1.13799
0.9375 1.13296

1.25 0.929292
1.23955 0.9375

1.01562 1.08999
1.00906 1.09375

1.01562 1.08996
1.02539 1.08424

1.03516 1.07845
1.02583 1.08398

1.02539 1.08424
1.02583 1.08398

1.04492 1.07259
1.04221 1.07422

1.04492 1.07258
1.05469 1.06662

1.03516 1.07845
1.04218 1.07422

1.07422 1.05447
1.07387 1.05469

1.07422 1.05446
1.08398 1.04825

1.09375 1.04197
1.08917 1.04492

1.08398 1.04824
1.08913 1.04492

1.05469 1.06665
1.07389 1.05469

0.947266 1.12785
0.937777 1.13281

0.957031 1.12267
0.956316 1.12305

0.947266 1.12785
0.956312 1.12305

0.976562 1.11209
0.974381 1.11328

0.957031 1.12267
0.966797 1.11741

0.966797 1.1174
0.974342 1.11328

0.9375 1.13296
0.937774 1.13281

0.976562 1.11207
0.986328 1.10666

0.996094 1.10118
0.991941 1.10352

0.986328 1.10665
0.991902 1.10352

0.996094 1.10117
1.00586 1.0956

1.00586 1.09558
1.00903 1.09375

1.14258 1.00922
1.13326 1.01562

1.15234 1.00242
1.1474 1.00586

1.14258 1.00921
1.14739 1.00586

1.16211 0.995531
1.1613 0.996094

1.16211 0.99552
1.17188 0.988535

1.15234 1.00241
1.16129 0.996094

1.11328 1.02912
1.10416 1.03516

1.09375 1.04196
1.10352 1.03558

1.10352 1.03558
1.10417 1.03516

1.12305 1.02259
1.11886 1.02539

1.11328 1.02911
1.11882 1.02539

1.12305 1.02257
1.13281 1.01594

1.13281 1.01593
1.13327 1.01562

1.19141 0.974385
1.18837 0.976562

1.19141 0.974313
1.20117 0.967053

1.21094 0.959695
1.20151 0.966797

1.20117 0.967049
1.20151 0.966797

1.17188 0.988555
1.18833 0.976562

1.2207 0.952241
1.21443 0.957031

1.23047 0.944753
1.22718 0.947266

1.2207 0.952205
1.22709 0.947266

1.21094 0.959664
1.21445 0.957031

1.23047 0.944679
1.23962 0.9375

0 1.32232
0.00976562 1.32326

0.00976562 1.32326
0.0195312 1.32413

0.0195312 1.32413
0.0292969 1.32494

0.0292969 1.32494
0.0390625 1.32569

0.0390625 1.32569
0.0488281 1.32638

0.0488281 1.32638
0.0585938 1.327

0.0585938 1.327
0.0683594 1.32756

0.0683594 1.32757
0.078125 1.32806

0.078125 1.32806
0.0794998 1.32812

0.0795553 1.32812
0.0878906 1.32849

0.0878906 1.32849
0.0976562 1.32886

0.0976562 1.32886
0.107422 1.32917

0.107422 1.32917
0.117188 1.32942

0.117188 1.32942
0.126953 1.32961

0.126953 1.32961
0.136719 1.32973

0.136719 1.32973
0.146484 1.3298

0.146484 1.3298
0.15625 1.3298

0.234375 1.32766
0.224872 1.32812

0.15625 1.3298
0.166016 1.32974

0.166016 1.32974
0.175781 1.32963

0.175781 1.32963
0.185547 1.32945

0.185547 1.32945
0.195312 1.32921

0.195312 1.32921
0.205078 1.32891

0.205078 1.32891
0.214844 1.32856

0.214844 1.32856
0.224609 1.32814

0.224609 1.32814
0.224888 1.32812

0.234375 1.32766
0.244141 1.32712

0.244141 1.32712
0.253906 1.32652

0.253906 1.32652
0.263672 1.32587

0.263672 1.32587
0.273438 1.32516

0.273438 1.32516
0.283203 1.32439

0.283203 1.32439
0.292969 1.32357

0.292969 1.32357
0.302734 1.32269

0.302734 1.32269
0.3125 1.32175

0.3125 1.32175
0.322266 1.32076

0.322266 1.32076
0.332031 1.31971

0.332031 1.31971
0.341797 1.3186

0.351562 1.31744
0.343838 1.31836

0.341797 1.3186
0.343841 1.31836

0.351562 1.31744
0.361328 1.31622

0.361328 1.31622
0.371094 1.31494

0.371094 1.31494
0.380859 1.31361

0.380859 1.31361
0.390625 1.31221

0.390625 1.31221
0.400391 1.31076

0.400391 1.31076
0.410156 1.30924

0.419922 1.30767
0.414181 1.30859

0.419922 1.30766
0.429688 1.30602

0.410156 1.30924
0.414164 1.30859

0.429688 1.30602
0.439453 1.30431

0.439453 1.30431
0.449219 1.30254

0.449219 1.30254
0.458984 1.3007

0.46875 1.2988
0.468594 1.29883

0.458984 1.3007
0.468596 1.29883

0.46875 1.2988
0.478516 1.29683

0.478516 1.29683
0.488281 1.29481

0.488281 1.29481
0.498047 1.29272

0.498047 1.29272
0.507812 1.29057

0.517578 1.28835
0.514457 1.28906

0.517578 1.28835
0.527344 1.28607

0.527344 1.28607
0.537109 1.28374

0.537109 1.28374
0.546875 1.28134

0.507812 1.29057
0.514387 1.28906

0.556641 1.27888
0.554996 1.2793

0.546875 1.28134
0.555003 1.2793

0.556641 1.27888
0.566406 1.27637

0.566406 1.27637
0.576172 1.27379

0.576172 1.27379
0.585938 1.27115

0.595703 1.26845
0.591806 1.26953

0.595703 1.26845
0.605469 1.26568

0.585938 1.27115
0.591778 1.26953

0.605469 1.26568
0.615234 1.26285

0.615234 1.26285
0.625 1.25995

0.634766 1.25699
0.625614 1.25977

0.625 1.25995
0.625611 1.25977

0.634766 1.25699
0.644531 1.25398

0.644531 1.25397
0.654297 1.25089

0.654297 1.25088
0.65704 1.25

1.5625 0.612095
1.55241 0.625

1.875 0.00166156
1.87269 0.00976562

1.87269 0.00976562
1.86985 0.0195312

1.86523 0.0349224
1.86397 0.0390625

1.86985 0.0195312
1.86694 0.0292969

1.86523 0.0349135
1.86694 0.0292969

1.85547 0.0659138
1.85468 0.0683594

1.85468 0.0683594
1.85145 0.078125

1.86397 0.0390625
1.86094 0.0488281

1.86094 0.0488281
1.85784 0.0585938

1.85547 0.0659074
1.85784 0.0585938

1.83594 0.122446
1.83429 0.126953

1.83429 0.126953
1.83066 0.136719

1.82617 0.148531
1.82319 0.15625

1.83066 0.136719
1.82696 0.146484

1.82617 0.148502
1.82695 0.146484

1.8457 0.0950095
1.84479 0.0976562

1.85145 0.078125
1.84815 0.0878906

1.8457 0.094985
1.84815 0.0878906

1.84479 0.0976562
1.84136 0.107422

1.84136 0.107422
1.83786 0.117188

1.83594 0.122425
1.83787 0.117188

1.79688 0.219936
1.79052 0.234375

1.75781 0.30327
1.75319 0.3125

1.77734 0.263039
1.77705 0.263672

1.77705 0.263672
1.77242 0.273438

1.78711 0.241872
1.78608 0.244141

1.78608 0.244141
1.7816 0.253906

1.78711 0.241869
1.79049 0.234375

1.77734 0.263035
1.7816 0.253906

1.76758 0.283495
1.76295 0.292969

1.77242 0.273438
1.76772 0.283203

1.76758 0.28348
1.76771 0.283203

1.76295 0.292969
1.7581 0.302734

1.75781 0.30328
1.75809 0.302734

1.81641 0.173397
1.81545 0.175781

1.81544 0.175781
1.81146 0.185547

1.81146 0.185547
1.80741 0.195312

1.82319 0.15625
1.81935 0.166016

1.81641 0.173368
1.81935 0.166016

1.80664 0.197148
1.80329 0.205078

1.80329 0.205078
1.7991 0.214844

1.80664 0.197095
1.80739 0.195312

1.79688 0.219944
1.7991 0.214844

1.71875 0.377013
1.71108 0.390625

1.67969 0.443455
1.67613 0.449219

1.66992 0.459105
1.6638 0.46875

1.67611 0.449219
1.67 0.458984

1.66992 0.4591
1.66999 0.458984

1.68945 0.427422
1.6881 0.429688

1.69922 0.411025
1.69395 0.419922

1.68945 0.427407
1.69395 0.419922

1.70898 0.394235
1.70544 0.400391

1.70544 0.400391
1.69973 0.410156

1.70898 0.394221
1.71106 0.390625

1.69922 0.411017
1.69972 0.410156

1.68809 0.429688
1.68214 0.439453

1.67969 0.443387
1.68212 0.439453

1.64062 0.50405
1.63817 0.507812

1.61133 0.546492
1.61106 0.546875

1.62109 0.532607
1.61796 0.537109

1.61133 0.546493
1.61796 0.537109

1.63086 0.518508
1.62478 0.527344

1.63813 0.507812
1.6315 0.517578

1.63086 0.518487
1.63147 0.517578

1.62109 0.532626
1.62478 0.527344

1.60156 0.560111
1.59699 0.566406

1.5918 0.573428
1.58981 0.576172

1.58979 0.576172
1.58251 0.585938

1.5918 0.573446
1.59698 0.566406

1.57227 0.599475
1.56768 0.605469

1.58203 0.586575
1.57513 0.595703

1.57227 0.599442
1.57506 0.595703

1.5625 0.612119
1.56766 0.605469

1.58203 0.586562
1.5825 0.585938

1.61106 0.546875
1.60406 0.556641

1.60156 0.560078
1.60401 0.556641

1.66016 0.474429
1.65753 0.478516

1.65751 0.478516
1.65114 0.488281

1.65039 0.489424
1.64469 0.498047

1.64062 0.504094
1.64468 0.498047

1.65039 0.489379
1.6511 0.488281

1.66016 0.474395
1.66379 0.46875

1.73828 0.341194
1.73796 0.341797

1.73796 0.341797
1.73274 0.351562

1.74805 0.322521
1.74311 0.332031

1.75318 0.3125
1.74818 0.322266

1.74805 0.322516
1.74818 0.322266

1.73828 0.34119
1.74311 0.332031

1.72852 0.359363
1.72745 0.361328

1.72744 0.361328
1.72206 0.371094

1.72852 0.359337
1.73274 0.351562

1.71875 0.377023
1.72206 0.371094

1.28906 0.896958
1.28731 0.898438

1.26953 0.913355
1.26386 0.917969

1.25977 0.921328
1.25185 0.927734

1.25 0.929209
1.25184 0.927734

1.25977 0.921263
1.26385 0.917969

1.2793 0.905221
1.27569 0.908203

1.26953 0.91327
1.27567 0.908203

1.2793 0.905175
1.28728 0.898438

1.29883 0.888591
1.29873 0.888672

1.28906 0.89694
1.29873 0.888672

1.29883 0.888591
1.30859 0.880131

1.31836 0.871559
1.30999 0.878906

1.32812 0.862898
1.32107 0.869141

1.31836 0.871525
1.32106 0.869141

1.30859 0.880124
1.30999 0.878906

1.33789 0.854125
1.332 0.859375

1.34766 0.84516
1.34277 0.849609

1.33789 0.854033
1.34278 0.849609

1.35742 0.836093
1.35337 0.839844

1.36719 0.826935
1.36385 0.830078

1.35742 0.836053
1.36385 0.830078

1.34766 0.845114
1.35341 0.839844

1.37695 0.817635
1.37415 0.820312

1.38672 0.808178
1.38428 0.810547

1.37695 0.817594
1.38431 0.810547

1.39648 0.79863
1.3943 0.800781

1.40625 0.788935
1.40417 0.791016

1.39648 0.798609
1.40415 0.791016

1.38672 0.808165
1.3943 0.800781

1.36719 0.8269
1.37413 0.820312

1.32812 0.862819
1.33197 0.859375

1.41602 0.779107
1.4139 0.78125

1.42578 0.769117
1.42348 0.771484

1.41602 0.779078
1.42342 0.771484

1.43555 0.758993
1.43294 0.761719

1.44531 0.7487
1.44224 0.751953

1.43555 0.758968
1.44217 0.751953

1.42578 0.769099
1.43287 0.761719

1.45508 0.738273
1.45145 0.742188

1.46484 0.727652
1.4605 0.732422

1.45508 0.73824
1.46041 0.732422

1.47461 0.716875
1.46944 0.722656

1.48438 0.705975
1.47825 0.712891

1.47461 0.716908
1.4782 0.712891

1.46484 0.727653
1.46937 0.722656

1.44531 0.748668
1.45138 0.742188

1.52344 0.660626
1.52059 0.664062

1.49414 0.694916
1.48693 0.703125

1.50391 0.683666
1.4955 0.693359

1.49414 0.694895
1.49548 0.693359

1.51367 0.672236
1.51233 0.673828

1.51232 0.673828
1.50397 0.683594

1.51367 0.672224
1.52056 0.664062

1.50391 0.683665
1.50397 0.683594

1.54297 0.636793
1.53671 0.644531

1.5332 0.648793
1.52873 0.654297

1.52344 0.660608
1.52865 0.654297

1.5332 0.648783
1.53663 0.644531

1.55239 0.625
1.5446 0.634766

1.54297 0.636727
1.54454 0.634766

1.48438 0.705971
1.4869 0.703125

1.40625 0.78891
1.41386 0.78125

1.875 0.00164454
1.87547 0

