-1.25 -0.865278
-1.25353 -0.859375

-1.28906 -0.79602
-1.29172 -0.791016

-1.29171 -0.791016
-1.29681 -0.78125

-1.26953 -0.8317
-1.27045 -0.830078

-1.27045 -0.830078
-1.2759 -0.820312

-1.25977 -0.848738
-1.2649 -0.839844

-1.25352 -0.859375
-1.25926 -0.849609

-1.25977 -0.848729
-1.25926 -0.849609

-1.26953 -0.831692
-1.2649 -0.839844

-1.2793 -0.814134
-1.28127 -0.810547

-1.28126 -0.810547
-1.28653 -0.800781

-1.2793 -0.814125
-1.2759 -0.820312

-1.28906 -0.796005
-1.28653 -0.800781

-1.32812 -0.717067
-1.33005 -0.712891

-1.33005 -0.712891
-1.33446 -0.703125

-1.34766 -0.672795
-1.35132 -0.664062

-1.33789 -0.695401
-1.3388 -0.693359

-1.3388 -0.693359
-1.34305 -0.683594

-1.33789 -0.695401
-1.33446 -0.703125

-1.34305 -0.683594
-1.34722 -0.673828

-1.34766 -0.672792
-1.34722 -0.673828

-1.35742 -0.649124
-1.35927 -0.644531

-1.35132 -0.664062
-1.35534 -0.654297

-1.35742 -0.64912
-1.35533 -0.654297

-1.35927 -0.644531
-1.36313 -0.634766

-1.36313 -0.634766
-1.36692 -0.625

-1.30859 -0.757951
-1.31156 -0.751953

-1.31156 -0.751953
-1.31631 -0.742188

-1.29883 -0.777308
-1.30181 -0.771484

-1.30181 -0.771484
-1.30673 -0.761719

-1.29883 -0.777298
-1.2968 -0.78125

-1.30859 -0.757938
-1.30672 -0.761719

-1.31836 -0.737891
-1.32097 -0.732422

-1.32097 -0.732422
-1.32555 -0.722656

-1.31836 -0.737885
-1.3163 -0.742188

-1.32812 -0.717059
-1.32555 -0.722656

-1.40625 -0.508846
-1.40656 -0.507812

-1.40656 -0.507812
-1.4094 -0.498047

-1.4094 -0.498047
-1.41217 -0.488281

-1.41602 -0.474243
-1.4175 -0.46875

-1.41217 -0.488281
-1.41487 -0.478516

-1.41602 -0.474244
-1.41487 -0.478516

-1.42578 -0.436106
-1.42733 -0.429688

-1.4175 -0.46875
-1.42006 -0.458984

-1.42006 -0.458984
-1.42255 -0.449219

-1.42255 -0.449219
-1.42497 -0.439453

-1.42578 -0.436107
-1.42497 -0.439453

-1.42733 -0.429688
-1.42962 -0.419922

-1.42962 -0.419922
-1.43185 -0.410156

-1.43555 -0.393199
-1.4361 -0.390625

-1.43185 -0.410156
-1.43401 -0.400391

-1.43555 -0.393204
-1.43401 -0.400391

-1.44531 -0.343252
-1.44558 -0.341797

-1.44558 -0.341797
-1.44728 -0.332031

-1.44728 -0.332031
-1.44891 -0.322266

-1.44891 -0.322266
-1.45048 -0.3125

-1.4361 -0.390625
-1.43813 -0.380859

-1.43813 -0.380859
-1.44009 -0.371094

-1.44009 -0.371094
-1.44198 -0.361328

-1.44198 -0.361328
-1.44381 -0.351562

-1.44531 -0.343259
-1.44381 -0.351562

-1.36719 -0.624286
-1.37062 -0.615234

-1.37062 -0.615234
-1.37426 -0.605469

-1.37695 -0.59807
-1.37782 -0.595703

-1.37782 -0.595703
-1.3813 -0.585938

-1.37695 -0.598071
-1.37426 -0.605469

-1.38672 -0.570287
-1.38804 -0.566406

-1.38804 -0.566406
-1.39131 -0.556641

-1.39131 -0.556641
-1.3945 -0.546875

-1.3813 -0.585938
-1.38471 -0.576172

-1.38672 -0.570282
-1.38471 -0.576172

-1.36719 -0.624286
-1.36692 -0.625

-1.39648 -0.540668
-1.39762 -0.537109

-1.39762 -0.537109
-1.40067 -0.527344

-1.39648 -0.54067
-1.3945 -0.546875

-1.40067 -0.527344
-1.40365 -0.517578

-1.40625 -0.508849
-1.40365 -0.517578

-1.45048 -0.3125
-1.45199 -0.302734

-1.45199 -0.302734
-1.45343 -0.292969

-1.45508 -0.281212
-1.45613 -0.273438

-1.45343 -0.292969
-1.45481 -0.283203

-1.45508 -0.281219
-1.45481 -0.283203

-1.45613 -0.273438
-1.45738 -0.263672

-1.45738 -0.263672
-1.45857 -0.253906

-1.45857 -0.253906
-1.4597 -0.244141

-1.4597 -0.244141
-1.46076 -0.234375

-1.46076 -0.234375
-1.46176 -0.224609

-1.46176 -0.224609
-1.4627 -0.214844

-1.4627 -0.214844
-1.46358 -0.205078

-1.46358 -0.205078
-1.46439 -0.195312

-1.46484 -0.189433
-1.46514 -0.185547

-1.46514 -0.185547
-1.46583 -0.175781

-1.46583 -0.175781
-1.46646 -0.166016

-1.46646 -0.166016
-1.46702 -0.15625

-1.46484 -0.189449
-1.46439 -0.195312

-1.46702 -0.15625
-1.46753 -0.146484

-1.46753 -0.146484
-1.46797 -0.136719

-1.46797 -0.136719
-1.46835 -0.126953

-1.46835 -0.126953
-1.46867 -0.117188

-1.46867 -0.117188
-1.46892 -0.107422

-1.46892 -0.107422
-1.46911 -0.0976562

-1.46911 -0.0976562
-1.46925 -0.0878906

-1.46925 -0.0878906
-1.46932 -0.078125

-1.46932 -0.078125
-1.46932 -0.0683594

-1.46932 -0.0683594
-1.46927 -0.0585938

-1.46927 -0.0585938
-1.46915 -0.0488281

-1.46915 -0.0488281
-1.46897 -0.0390625

-1.46897 -0.0390625
-1.46872 -0.0292969

-1.46872 -0.0292969
-1.46841 -0.0195312

-1.46841 -0.0195312
-1.46804 -0.00976562

-1.46804 -0.00976562
-1.46761 0

-0.917969 -1.25378
-0.922536 -1.25

-0.898438 -1.26987
-0.898853 -1.26953

-0.908203 -1.26191
-0.910821 -1.25977

-0.917969 -1.25381
-0.910783 -1.25977

-0.908203 -1.26191
-0.898849 -1.26953

-0.869141 -1.29291
-0.874171 -1.28906

-0.859375 -1.30037
-0.861432 -1.29883

-0.869141 -1.29293
-0.861398 -1.29883

-0.898438 -1.26987
-0.888672 -1.27769

-0.878906 -1.28538
-0.886624 -1.2793

-0.888672 -1.2777
-0.886636 -1.2793

-0.878906 -1.2854
-0.874127 -1.28906

-0.820312 -1.32885
-0.821359 -1.32812

-0.820312 -1.32886
-0.810547 -1.33568

-0.800781 -1.34238
-0.807321 -1.33789

-0.810547 -1.3357
-0.807325 -1.33789

-0.791016 -1.34898
-0.793026 -1.34766

-0.791016 -1.34898
-0.78125 -1.35547

-0.800781 -1.34238
-0.792974 -1.34766

-0.839844 -1.31486
-0.848361 -1.30859

-0.859375 -1.30037
-0.849609 -1.30768

-0.849609 -1.30769
-0.848371 -1.30859

-0.830078 -1.32191
-0.835006 -1.31836

-0.839844 -1.31487
-0.834999 -1.31836

-0.830078 -1.32192
-0.82134 -1.32812

-0.693359 -1.40906
-0.698309 -1.40625

-0.693359 -1.40906
-0.683594 -1.41452

-0.673828 -1.41989
-0.680871 -1.41602

-0.683594 -1.41452
-0.680864 -1.41602

-0.673828 -1.41988
-0.664062 -1.42516

-0.625 -1.44534
-0.62505 -1.44531

-0.654297 -1.43034
-0.662888 -1.42578

-0.654297 -1.43034
-0.644531 -1.43543

-0.664062 -1.42516
-0.662884 -1.42578

-0.634766 -1.44043
-0.644305 -1.43555

-0.644531 -1.43543
-0.644303 -1.43555

-0.634766 -1.44043
-0.625047 -1.44531

-0.761719 -1.3681
-0.76318 -1.36719

-0.761719 -1.36811
-0.751953 -1.37427

-0.742188 -1.38032
-0.747618 -1.37695

-0.751953 -1.37427
-0.74762 -1.37695

-0.771484 -1.36184
-0.778252 -1.35742

-0.78125 -1.35547
-0.778251 -1.35742

-0.771484 -1.36184
-0.763149 -1.36719

-0.722656 -1.39212
-0.731675 -1.38672

-0.742188 -1.38032
-0.732422 -1.38627

-0.732422 -1.38628
-0.731676 -1.38672

-0.712891 -1.39786
-0.715238 -1.39648

-0.722656 -1.39212
-0.71524 -1.39648

-0.712891 -1.39787
-0.703125 -1.40351

-0.703125 -1.40351
-0.698306 -1.40625

-0.625 -1.44534
-0.615234 -1.45015

-0.615234 -1.45015
-0.605469 -1.45488

-0.595703 -1.45952
-0.605049 -1.45508

-0.605469 -1.45488
-0.605046 -1.45508

-0.595703 -1.45952
-0.585938 -1.46407

-0.576172 -1.46855
-0.584259 -1.46484

-0.576172 -1.46855
-0.566406 -1.47294

-0.585938 -1.46407
-0.584252 -1.46484

-0.556641 -1.47724
-0.562606 -1.47461

-0.566406 -1.47294
-0.562611 -1.47461

-0.556641 -1.47724
-0.546875 -1.48146

-0.537109 -1.4856
-0.539995 -1.48438

-0.537109 -1.4856
-0.527344 -1.48965

-0.527344 -1.48965
-0.517578 -1.49363

-0.507812 -1.49753
-0.516306 -1.49414

-0.517578 -1.49363
-0.516301 -1.49414

-0.488281 -1.50509
-0.491381 -1.50391

-0.507812 -1.49753
-0.498047 -1.50135

-0.498047 -1.50135
-0.491374 -1.50391

-0.488281 -1.50509
-0.478516 -1.50875

-0.478516 -1.50875
-0.46875 -1.51234

-0.546875 -1.48146
-0.539988 -1.48438

-0.429688 -1.52589
-0.437004 -1.52344

-0.458984 -1.51584
-0.465025 -1.51367

-0.46875 -1.51234
-0.465025 -1.51367

-0.458984 -1.51584
-0.449219 -1.51927

-0.449219 -1.51927
-0.439453 -1.52262

-0.439453 -1.52261
-0.437 -1.52344

-0.429688 -1.52589
-0.419922 -1.52909

-0.419922 -1.52909
-0.410156 -1.53222

-0.400391 -1.53528
-0.407035 -1.5332

-0.410156 -1.53222
-0.407015 -1.5332

-0.400391 -1.53528
-0.390625 -1.53827

-0.371094 -1.54404
-0.374763 -1.54297

-0.390625 -1.53827
-0.380859 -1.54119

-0.380859 -1.54119
-0.374752 -1.54297

-0.371094 -1.54404
-0.361328 -1.54681

-0.361328 -1.54681
-0.351562 -1.5495

-0.351562 -1.5495
-0.341797 -1.55212

-0.332031 -1.55467
-0.339457 -1.55273

-0.341797 -1.55212
-0.339455 -1.55273

-0.332031 -1.55467
-0.322266 -1.55714

-0.322266 -1.55714
-0.3125 -1.55954

-0.292969 -1.56411
-0.299951 -1.5625

-0.292969 -1.56411
-0.283203 -1.56629

-0.283203 -1.56629
-0.273438 -1.56839

-0.273438 -1.56839
-0.263672 -1.57043

-0.253906 -1.5724
-0.254565 -1.57227

-0.263672 -1.57043
-0.254559 -1.57227

-0.253906 -1.5724
-0.244141 -1.5743

-0.244141 -1.5743
-0.234375 -1.57613

-0.234375 -1.57613
-0.224609 -1.57789

-0.224609 -1.57789
-0.214844 -1.57958

-0.195312 -1.58275
-0.199843 -1.58203

-0.214844 -1.57958
-0.205078 -1.5812

-0.205078 -1.5812
-0.199831 -1.58203

-0.195312 -1.58275
-0.185547 -1.58424

-0.185547 -1.58424
-0.175781 -1.58565

-0.175781 -1.58565
-0.166016 -1.58701

-0.166016 -1.58701
-0.15625 -1.58829

-0.15625 -1.58829
-0.146484 -1.58952

-0.146484 -1.58952
-0.136719 -1.59067

-0.136719 -1.59067
-0.126953 -1.59176

-0.117188 -1.59279
-0.126655 -1.5918

-0.126953 -1.59176
-0.126642 -1.5918

-0.117188 -1.59279
-0.107422 -1.59375

-0.107422 -1.59375
-0.0976562 -1.59464

-0.0976562 -1.59464
-0.0878906 -1.59547

-0.0878906 -1.59547
-0.078125 -1.59622

-0.078125 -1.59622
-0.0683594 -1.59691

-0.0683594 -1.59691
-0.0585938 -1.59754

-0.0585938 -1.59754
-0.0488281 -1.59809

-0.0488281 -1.59809
-0.0390625 -1.59859

-0.0390625 -1.59859
-0.0292969 -1.59901

-0.0292969 -1.59901
-0.0195312 -1.59937

-0.0195312 -1.59937
-0.00976562 -1.59967

-0.00976562 -1.59967
0 -1.59989

-0.3125 -1.55954
-0.302734 -1.56186

-0.302734 -1.56186
-0.299945 -1.5625

-1.17188 -0.983134
-1.17667 -0.976562

-1.20117 -0.941663
-1.204 -0.9375

-1.19141 -0.955815
-1.19734 -0.947266

-1.20117 -0.94164
-1.19733 -0.947266

-1.18164 -0.969652
-1.18363 -0.966797

-1.18367 -0.966797
-1.19056 -0.957031

-1.18164 -0.969639
-1.17667 -0.976562

-1.19141 -0.955788
-1.19056 -0.957031

-1.14258 -1.0219
-1.14746 -1.01562

-1.13281 -1.03425
-1.13984 -1.02539

-1.14258 -1.02183
-1.13983 -1.02539

-1.11328 -1.0582
-1.11617 -1.05469

-1.09375 -1.08119
-1.09974 -1.07422

-1.10352 -1.06984
-1.108 -1.06445

-1.11328 -1.05816
-1.10806 -1.06445

-1.10352 -1.06977
-1.09977 -1.07422

-1.12305 -1.04635
-1.1242 -1.04492

-1.12421 -1.04492
-1.13209 -1.03516

-1.12305 -1.04634
-1.1162 -1.05469

-1.13281 -1.03424
-1.13208 -1.03516

-1.16211 -0.99636
-1.16231 -0.996094

-1.15234 -1.00927
-1.1549 -1.00586

-1.16211 -0.99636
-1.15494 -1.00586

-1.16231 -0.996094
-1.16955 -0.986328

-1.17188 -0.983105
-1.16957 -0.986328

-1.15234 -1.00926
-1.14746 -1.01562

-1.07422 -1.10328
-1.08274 -1.09375

-1.06445 -1.11402
-1.06513 -1.11328

-1.05469 -1.12455
-1.0561 -1.12305

-1.06445 -1.11401
-1.0561 -1.12305

-1.06513 -1.11328
-1.07401 -1.10352

-1.07422 -1.10328
-1.07401 -1.10352

-1.04492 -1.1349
-1.04691 -1.13281

-1.03516 -1.14506
-1.03756 -1.14258

-1.04492 -1.13485
-1.03756 -1.14258

-1.02539 -1.15502
-1.02803 -1.15234

-1.01562 -1.1648
-1.01832 -1.16211

-1.02539 -1.155
-1.01832 -1.16211

-1.03516 -1.14501
-1.02802 -1.15234

-1.05469 -1.12454
-1.04691 -1.13281

-1.00586 -1.1744
-1.00845 -1.17188

-0.996094 -1.18384
-0.998382 -1.18164

-1.00586 -1.17444
-0.998379 -1.18164

-0.986328 -1.19313
-0.988158 -1.19141

-0.976562 -1.20226
-0.977739 -1.20117

-0.986328 -1.19314
-0.977733 -1.20117

-0.996094 -1.18387
-0.988142 -1.19141

-0.966797 -1.21123
-0.967119 -1.21094

-0.966797 -1.21123
-0.957031 -1.22004

-0.9375 -1.23721
-0.945247 -1.23047

-0.947266 -1.2287
-0.956286 -1.2207

-0.957031 -1.22004
-0.956289 -1.2207

-0.947266 -1.22871
-0.94525 -1.23047

-0.976562 -1.20226
-0.967117 -1.21094

-1.01562 -1.1648
-1.00844 -1.17188

-1.08398 -1.09233
-1.09132 -1.08398

-1.09375 -1.08116
-1.09131 -1.08398

-1.08398 -1.09233
-1.08273 -1.09375

-1.21094 -0.927157
-1.21701 -0.917969

-1.2207 -0.912285
-1.22335 -0.908203

-1.22335 -0.908203
-1.22958 -0.898438

-1.2207 -0.912269
-1.217 -0.917969

-1.24023 -0.881375
-1.24175 -0.878906

-1.23047 -0.897032
-1.23572 -0.888672

-1.24023 -0.881364
-1.23572 -0.888672

-1.24175 -0.878906
-1.24769 -0.869141

-1.25 -0.865262
-1.24768 -0.869141

-1.23047 -0.897003
-1.22958 -0.898438

-1.204 -0.9375
-1.21056 -0.927734

-1.21094 -0.927143
-1.21055 -0.927734

-0.927734 -1.24556
-0.934015 -1.24023

-0.9375 -1.23723
-0.93398 -1.24023

-0.927734 -1.24563
-0.922466 -1.25

-1.46761 0
-1.46711 0.00976562

-1.46711 0.00976562
-1.46655 0.0195312

-1.46655 0.0195312
-1.46592 0.0292969

-1.46592 0.0292969
-1.46524 0.0390625

-1.46524 0.0390625
-1.46484 0.0441595

-1.46484 0.0441443
-1.46448 0.0488281

-1.46448 0.0488281
-1.46367 0.0585938

-1.46367 0.0585938
-1.46279 0.0683594

-1.46279 0.0683594
-1.46185 0.078125

-1.46185 0.078125
-1.46084 0.0878906

-1.46084 0.0878906
-1.45978 0.0976562

-1.45978 0.0976562
-1.45864 0.107422

-1.45864 0.107422
-1.45745 0.117188

-1.45745 0.117188
-1.45619 0.126953

-1.45619 0.126953
-1.45508 0.135139

-1.45508 0.135134
-1.45486 0.136719

-1.45486 0.136719
-1.45347 0.146484

-1.45347 0.146484
-1.45202 0.15625

-1.45202 0.15625
-1.45049 0.166016

-1.45049 0.166016
-1.4489 0.175781

-1.4489 0.175781
-1.44725 0.185547

-1.44725 0.185547
-1.44553 0.195312

-1.44553 0.195312
-1.44531 0.19649

-1.44531 0.196484
-1.44374 0.205078

-1.44374 0.205078
-1.44189 0.214844

-1.44189 0.214844
-1.43997 0.224609

-1.43997 0.224609
-1.43798 0.234375

-1.43798 0.234375
-1.43593 0.244141

-1.43593 0.244141
-1.43555 0.245913

-1.43555 0.24591
-1.43381 0.253906

-1.43381 0.253906
-1.43162 0.263672

-1.43162 0.263672
-1.42937 0.273438

-1.42937 0.273438
-1.42705 0.283203

-1.42705 0.283203
-1.42578 0.288373

-1.42578 0.288374
-1.42466 0.292969

-1.42466 0.292969
-1.42219 0.302734

-1.42219 0.302734
-1.41966 0.3125

-1.41966 0.3125
-1.41706 0.322266

-1.41706 0.322266
-1.41602 0.326078

-1.41602 0.326076
-1.41439 0.332031

-1.41439 0.332031
-1.41164 0.341797

-1.41164 0.341797
-1.40883 0.351562

-1.40883 0.351562
-1.40625 0.360284

-1.40625 0.360284
-1.40594 0.361328

-1.40594 0.361328
-1.40298 0.371094

-1.40298 0.371094
-1.39995 0.380859

-1.39996 0.380859
-1.39686 0.390625

-1.39686 0.390625
-1.39648 0.391767

-1.39648 0.391766
-1.39368 0.400391

-1.39368 0.400391
-1.39044 0.410156

-1.39044 0.410156
-1.38712 0.419922

-1.38712 0.419922
-1.38672 0.421075

-1.38672 0.421077
-1.38373 0.429688

-1.38372 0.429688
-1.38025 0.439453

-1.38025 0.439453
-1.37695 0.448537

-1.37695 0.448537
-1.37671 0.449219

-1.37671 0.449219
-1.37308 0.458984

-1.37308 0.458984
-1.36938 0.46875

-1.36937 0.46875
-1.36719 0.474393

-1.36719 0.474401
-1.36559 0.478516

-1.36559 0.478516
-1.36173 0.488281

-1.36173 0.488281
-1.35779 0.498047

-1.35779 0.498047
-1.35742 0.498937

-1.35742 0.498938
-1.35377 0.507812

-1.35377 0.507812
-1.34967 0.517578

-1.34967 0.517578
-1.34766 0.522279

-1.34766 0.522289
-1.34549 0.527344

-1.34549 0.527344
-1.34123 0.537109

-1.34123 0.537109
-1.33789 0.544613

-1.33789 0.544614
-1.33688 0.546875

-1.33688 0.546875
-1.33246 0.556641

-1.33246 0.556641
-1.32812 0.566014

-1.32812 0.566013
-1.32794 0.566406

-1.32794 0.566406
-1.32335 0.576172

-1.32335 0.576172
-1.31866 0.585938

-1.31866 0.585938
-1.31836 0.586555

-1.31836 0.586557
-1.31389 0.595703

-1.31389 0.595703
-1.30903 0.605469

-1.30903 0.605469
-1.30859 0.606329

-1.30859 0.606333
-1.30408 0.615234

-1.30408 0.615234
-1.29904 0.625

-1.29904 0.625
-1.29883 0.625411

-1.29883 0.625412
-1.29392 0.634766

-1.29392 0.634766
-1.28906 0.643842

-1.28906 0.643843
-1.28869 0.644531

-1.28869 0.644531
-1.28338 0.654297

-1.28338 0.654297
-1.2793 0.661665

-1.2793 0.661673
-1.27797 0.664062

-1.27797 0.664062
-1.27247 0.673828

-1.27246 0.673828
-1.26953 0.678935

-1.26953 0.678957
-1.26687 0.683594

-1.26686 0.683594
-1.26116 0.693359

-1.26116 0.693359
-1.25977 0.695705

-1.25977 0.695713
-1.25536 0.703125

-1.25536 0.703125
-1.25 0.711997

-1.25 0.711998
-1.24947 0.712891

-1.24946 0.712891
-1.24346 0.722656

-1.24345 0.722656
-1.24023 0.727796

-1.24023 0.727819
-1.23736 0.732422

-1.23735 0.732422
-1.23113 0.742188

-1.23113 0.742188
-1.23047 0.743244

-1.23047 0.743216
-1.22482 0.751953

-1.22481 0.751953
-1.2207 0.758191

-1.2207 0.758219
-1.21841 0.761719

-1.21839 0.761719
-1.21185 0.771484

-1.21183 0.771484
-1.21094 0.772826

-1.21094 0.772794
-1.20523 0.78125

-1.20519 0.78125
-1.20117 0.787058

-1.20117 0.787085
-1.19846 0.791016

-1.19844 0.791016
-1.19156 0.800781

-1.19156 0.800781
-1.19141 0.801004

-1.19141 0.800999
-1.18457 0.810547

-1.18454 0.810547
-1.18164 0.814585

-1.18164 0.814574
-1.17746 0.820312

-1.17745 0.820312
-1.17188 0.827837

-1.17188 0.827853
-1.17025 0.830078

-1.17022 0.830078
-1.16286 0.839844

-1.16286 0.839844
-1.16211 0.840832

-1.16211 0.840816
-1.15537 0.849609

-1.15533 0.849609
-1.15234 0.853526

-1.15234 0.853484
-1.14776 0.859375

-1.14774 0.859375
-1.14258 0.865886

-1.14258 0.865904
-1.14003 0.869141

-1.14 0.869141
-1.13281 0.878035

-1.13281 0.87804
-1.13211 0.878906

-1.13211 0.878906
-1.12408 0.888672

-1.12407 0.888672
-1.12305 0.889912

-1.12305 0.889904
-1.11591 0.898438

-1.11589 0.898438
-1.11328 0.90154

-1.11328 0.901514
-1.10761 0.908203

-1.10757 0.908203
-1.10352 0.912952

-1.10352 0.912889
-1.09916 0.917969

-1.09909 0.917969
-1.09375 0.924128

-1.09375 0.924085
-1.09054 0.927734

-1.09051 0.927734
-1.08398 0.935042

-1.08398 0.935035
-1.08176 0.9375

-1.08175 0.9375
-1.07422 0.94575

-1.07422 0.945759
-1.07283 0.947266

-1.07283 0.947266
-1.06445 0.956255

-1.06445 0.956263
-1.06373 0.957031

-1.06373 0.957031
-1.05469 0.96656

-1.05469 0.966564
-1.05446 0.966797

-1.05446 0.966797
-1.04502 0.976562

-1.04502 0.976562
-1.04492 0.976664

-1.04492 0.976665
-1.0354 0.986328

-1.0354 0.986328
-1.03516 0.986576

-1.03516 0.986577
-1.0256 0.996094

-1.0256 0.996094
-1.02539 0.996301

-1.02539 0.996303
-1.01562 1.00585

-1.01562 1.00587
-1.00541 1.01562

-1.00544 1.01562
-0.996094 1.02444

-0.996094 1.02443
-0.995066 1.02539

-0.995064 1.02539
-0.986328 1.03348

-0.986328 1.03347
-0.984488 1.03516

-0.984494 1.03516
-0.976562 1.04235

-0.976562 1.04237
-0.973706 1.04492

-0.97372 1.04492
-0.966797 1.05105

-0.966797 1.0511
-0.962692 1.05469

-0.96273 1.05469
-0.957031 1.0596

-0.957031 1.05969
-0.951433 1.06445

-0.951485 1.06445
-0.947266 1.06804

-0.947266 1.06808
-0.940018 1.07422

-0.940024 1.07422
-0.9375 1.07634

-0.9375 1.07635
-0.928343 1.08398

-0.92834 1.08398
-0.927734 1.08448

-0.927734 1.08449
-0.917969 1.09249

-0.917969 1.09249
-0.916396 1.09375

-0.916399 1.09375
-0.908203 1.10035

-0.908203 1.10036
-0.904157 1.10352

-0.904219 1.10352
-0.898438 1.10806

-0.898438 1.10808
-0.891749 1.11328

-0.891736 1.11328
-0.888672 1.11562

-0.888672 1.11566
-0.87902 1.12305

-0.879017 1.12305
-0.878906 1.12313

-0.878906 1.12314
-0.869141 1.13048

-0.869141 1.13052
-0.86598 1.13281

-0.866028 1.13281
-0.859375 1.13764

-0.859375 1.13771
-0.852687 1.14258

-0.85269 1.14258
-0.849609 1.14476

-0.849609 1.14481
-0.839844 1.1518

-0.839844 1.1518
-0.83906 1.15234

-0.839066 1.15234
-0.830078 1.15866

-0.830078 1.15866
-0.825092 1.16211

-0.825101 1.16211
-0.820312 1.16542

-0.820312 1.16542
-0.810812 1.17188

-0.810808 1.17188
-0.810547 1.17205

-0.810547 1.17205
-0.800781 1.17858

-0.800781 1.17858
-0.796127 1.18164

-0.796123 1.18164
-0.791016 1.185

-0.791016 1.185
-0.78125 1.1913

-0.78125 1.19131
-0.781089 1.19141

-0.781088 1.19141
-0.771484 1.1975

-0.771484 1.1975
-0.765605 1.20117

-0.765604 1.20117
-0.761719 1.2036

-0.761719 1.2036
-0.751953 1.20958

-0.751953 1.20957
-0.749676 1.21094

-0.749685 1.21094
-0.742188 1.2155

-0.742188 1.21547
-0.733348 1.2207

-0.733343 1.2207
-0.732422 1.22124

-0.732422 1.22125
-0.722656 1.22693

-0.722656 1.22693
-0.716457 1.23047

-0.716449 1.23047
-0.712891 1.2325

-0.712891 1.2325
-0.703125 1.23798

-0.703125 1.23798
-0.699038 1.24023

-0.699029 1.24023
-0.693359 1.24336

-0.693359 1.24336
-0.683594 1.24864

-0.683594 1.24864
-0.681041 1.25

-0.681037 1.25
-0.673828 1.25383

-0.673828 1.25383
-0.664062 1.25893

-0.664062 1.25893
-0.662429 1.25977

-0.662426 1.25977
-0.654297 1.26393

-0.654297 1.26393
-0.644531 1.26885

-0.644531 1.26885
-0.643151 1.26953

-0.64315 1.26953
-0.634766 1.27367

-0.634766 1.27367
-0.625 1.27841

-0.625 1.27842
-0.62315 1.2793

-0.623144 1.2793
-0.615234 1.28307

-0.615234 1.28307
-0.605469 1.28763

-0.605469 1.28763
-0.602351 1.28906

-0.602341 1.28906
-0.595703 1.2921

-0.595703 1.29211
-0.585938 1.2965

-0.585938 1.2965
-0.580653 1.29883

-0.580635 1.29883
-0.576172 1.30079

-0.576172 1.3008
-0.566406 1.30502

-0.566406 1.30502
-0.557955 1.30859

-0.557944 1.30859
-0.556641 1.30915

-0.556641 1.30915
-0.546875 1.3132

-0.546875 1.3132
-0.537109 1.31717

-0.537109 1.31717
-0.534114 1.31836

-0.534106 1.31836
-0.527344 1.32105

-0.527344 1.32105
-0.517578 1.32486

-0.517578 1.32486
-0.509012 1.32812

-0.509007 1.32812
-0.507812 1.32859

-0.507812 1.32858
-0.498047 1.33223

-0.498047 1.33223
-0.488281 1.3358

-0.488281 1.3358
-0.48244 1.33789

-0.482423 1.33789
-0.478516 1.33929

-0.478516 1.33929
-0.46875 1.3427

-0.46875 1.3427
-0.458984 1.34604

-0.458984 1.34604
-0.454146 1.34766

-0.454141 1.34766
-0.449219 1.3493

-0.449219 1.3493
-0.439453 1.35249

-0.439453 1.35249
-0.429688 1.3556

-0.429688 1.35561
-0.42386 1.35742

-0.423843 1.35742
-0.419922 1.35864

-0.419922 1.35865
-0.410156 1.36162

-0.410156 1.36162
-0.400391 1.36451

-0.400391 1.36452
-0.391139 1.36719

-0.39113 1.36719
-0.390625 1.36734

-0.390625 1.36733
-0.380859 1.37008

-0.380859 1.37008
-0.371094 1.37275

-0.371094 1.37275
-0.361328 1.37535

-0.361328 1.37535
-0.35514 1.37695

-0.355116 1.37695
-0.351562 1.37787

-0.351562 1.37788
-0.341797 1.38033

-0.341797 1.38033
-0.332031 1.38271

-0.332031 1.38271
-0.322266 1.38502

-0.322266 1.38502
-0.31483 1.38672

-0.314814 1.38672
-0.3125 1.38725

-0.3125 1.38725
-0.302734 1.38942

-0.302734 1.38942
-0.292969 1.39152

-0.292969 1.39152
-0.283203 1.39355

-0.283203 1.39355
-0.273438 1.39551

-0.273438 1.39551
-0.268457 1.39648

-0.268451 1.39648
-0.263672 1.39741

-0.263672 1.39742
-0.253906 1.39925

-0.253906 1.39925
-0.244141 1.40102

-0.244141 1.40102
-0.234375 1.40273

-0.234375 1.40273
-0.224609 1.40437

-0.224609 1.40437
-0.214844 1.40595

-0.214844 1.40595
-0.212889 1.40625

-0.212874 1.40625
-0.205078 1.40745

-0.205078 1.40745
-0.195312 1.40889

-0.195312 1.40889
-0.185547 1.41026

-0.185547 1.41026
-0.175781 1.41156

-0.175781 1.41156
-0.166016 1.41279

-0.166016 1.41279
-0.15625 1.41395

-0.15625 1.41395
-0.146484 1.41505

-0.146484 1.41505
-0.137237 1.41602

-0.137215 1.41602
-0.136719 1.41607

-0.136719 1.41607
-0.126953 1.41702

-0.126953 1.41702
-0.117188 1.41791

-0.117188 1.41791
-0.107422 1.41873

-0.107422 1.41873
-0.0976562 1.41948

-0.0976562 1.41948
-0.0878906 1.42016

-0.0878906 1.42016
-0.078125 1.42078

-0.078125 1.42078
-0.0683594 1.42134

-0.0683594 1.42134
-0.0585938 1.42183

-0.0585938 1.42183
-0.0488281 1.42226

-0.0488281 1.42226
-0.0390625 1.42262

-0.0390625 1.42262
-0.0292969 1.42291

-0.0292969 1.42291
-0.0195312 1.42313

-0.0195312 1.42313
-0.00976562 1.42328

-0.00976562 1.42328
0 1.42337

0 -1.59989
0.00976562 -1.60006

0.00976562 -1.60006
0.0195312 -1.60016

0.0195312 -1.60016
0.0292969 -1.60019

0.0292969 -1.60019
0.0390625 -1.60016

0.0390625 -1.60016
0.0488281 -1.60007

0.0488281 -1.60007
0.0585938 -1.59991

0.0585938 -1.59991
0.0683594 -1.59968

0.0683594 -1.59968
0.078125 -1.59939

0.078125 -1.59939
0.0878906 -1.59904

0.0878906 -1.59904
0.0976562 -1.59862

0.0976562 -1.59862
0.107422 -1.59813

0.107422 -1.59813
0.117188 -1.59758

0.117188 -1.59758
0.126953 -1.59697

0.126953 -1.59697
0.136719 -1.59628

0.136719 -1.59628
0.146484 -1.59554

0.146484 -1.59554
0.15625 -1.59472

0.15625 -1.59472
0.166016 -1.59385

0.166016 -1.59385
0.175781 -1.5929

0.175781 -1.5929
0.185547 -1.59189

0.185547 -1.59189
0.186405 -1.5918

0.186411 -1.5918
0.195312 -1.59082

0.195312 -1.59082
0.205078 -1.58968

0.205078 -1.58968
0.214844 -1.58847

0.214844 -1.58847
0.224609 -1.5872

0.224609 -1.5872
0.234375 -1.58586

0.234375 -1.58586
0.244141 -1.58446

0.244141 -1.58446
0.253906 -1.58299

0.253906 -1.58299
0.26 -1.58203

0.26 -1.58203
0.263672 -1.58145

0.263672 -1.58145
0.273438 -1.57985

0.273438 -1.57985
0.283203 -1.57818

0.283203 -1.57818
0.292969 -1.57644

0.292969 -1.57644
0.302734 -1.57463

0.302734 -1.57463
0.3125 -1.57275

0.3125 -1.57275
0.314923 -1.57227

0.314925 -1.57227
0.322266 -1.5708

0.322266 -1.5708
0.332031 -1.56877

0.332031 -1.56877
0.341797 -1.56668

0.341797 -1.56668
0.351562 -1.56451

0.351562 -1.56452
0.36024 -1.5625

0.360283 -1.5625
0.361328 -1.56226

0.361328 -1.56227
0.371094 -1.55995

0.371094 -1.55995
0.380859 -1.55757

0.380859 -1.55757
0.390625 -1.5551

0.390625 -1.5551
0.399738 -1.55273

0.399754 -1.55273
0.400391 -1.55257

0.400391 -1.55257
0.410156 -1.54995

0.410156 -1.54995
0.419922 -1.54727

0.419922 -1.54727
0.429688 -1.54451

0.429688 -1.54451
0.434994 -1.54297

0.43497 -1.54297
0.439453 -1.54167

0.439453 -1.54167
0.449219 -1.53876

0.449219 -1.53876
0.458984 -1.53578

0.458984 -1.53578
0.467227 -1.5332

0.46721 -1.5332
0.46875 -1.53272

0.46875 -1.53273
0.478516 -1.52959

0.478516 -1.52959
0.488281 -1.52638

0.488281 -1.52638
0.497024 -1.52344

0.497008 -1.52344
0.498047 -1.52309

0.498047 -1.52309
0.507812 -1.51973

0.507812 -1.51973
0.517578 -1.51628

0.517578 -1.51628
0.52481 -1.51367

0.524814 -1.51367
0.527344 -1.51276

0.527344 -1.51276
0.537109 -1.50915

0.537109 -1.50915
0.546875 -1.50546

0.546875 -1.50547
0.550919 -1.50391

0.550905 -1.50391
0.556641 -1.50169

0.556641 -1.5017
0.566406 -1.49785

0.566406 -1.49785
0.575628 -1.49414

0.575616 -1.49414
0.576172 -1.49392

0.576172 -1.49392
0.585938 -1.48991

0.585938 -1.48994
0.599061 -1.48438

0.599079 -1.48438
0.605469 -1.48164

0.605469 -1.48164
0.615234 -1.47737

0.615234 -1.47737
0.621437 -1.47461

0.621431 -1.47461
0.625 -1.47302

0.625 -1.47302
0.634766 -1.46859

0.634766 -1.46859
0.642852 -1.46484

0.64282 -1.46484
0.644531 -1.46405

0.644531 -1.46406
0.654297 -1.45946

0.654297 -1.45946
0.663398 -1.45508

0.663389 -1.45508
0.664062 -1.45475

0.664062 -1.45478
0.683192 -1.44531

0.683178 -1.44531
0.683594 -1.44511

0.683594 -1.44509
0.693359 -1.44013

0.693359 -1.44012
0.702192 -1.43555

0.702187 -1.43555
0.703125 -1.43506

0.703125 -1.43506
0.712891 -1.42991

0.712891 -1.42991
0.720582 -1.42578

0.720548 -1.42578
0.722656 -1.42465

0.722656 -1.42466
0.732422 -1.41932

0.732422 -1.41933
0.738374 -1.41602

0.738351 -1.41602
0.742188 -1.41388

0.742188 -1.41392
0.755576 -1.40625

0.755587 -1.40625
0.761719 -1.40271

0.761719 -1.4027
0.771484 -1.39696

0.771484 -1.39695
0.772282 -1.39648

0.772277 -1.39648
0.78125 -1.39111

0.78125 -1.39112
0.788474 -1.38672

0.788434 -1.38672
0.791016 -1.38515

0.791016 -1.38516
0.800781 -1.37911

0.800781 -1.37912
0.804223 -1.37695

0.804202 -1.37695
0.810547 -1.37295

0.810547 -1.37296
0.819542 -1.36719

0.819478 -1.36719
0.820312 -1.36667

0.820312 -1.36669
0.830078 -1.36031

0.830078 -1.36032
0.834438 -1.35742

0.834427 -1.35742
0.839844 -1.35382

0.839844 -1.35383
0.848967 -1.34766

0.848931 -1.34766
0.849609 -1.3472

0.849609 -1.34722
0.859375 -1.3405

0.859375 -1.34054
0.876933 -1.32812

0.876862 -1.32812
0.878906 -1.32669

0.878906 -1.32669
0.888672 -1.31961

0.888672 -1.3196
0.89038 -1.31836

0.890364 -1.31836
0.898438 -1.3124

0.898438 -1.3124
0.903541 -1.30859

0.903488 -1.30859
0.908203 -1.30508

0.908203 -1.30508
0.916402 -1.29883

0.916355 -1.29883
0.917969 -1.2976

0.917969 -1.29763
0.927734 -1.29005

0.927734 -1.29006
0.929015 -1.28906

0.928884 -1.28906
0.9375 -1.28242

0.9375 -1.28235
0.941383 -1.2793

0.94128 -1.2793
0.947266 -1.27452

0.947266 -1.27452
0.953432 -1.26953

0.953355 -1.26953
0.957031 -1.26656

0.957031 -1.26658
0.965245 -1.25977

0.965212 -1.25977
0.966797 -1.25845

0.966797 -1.25847
0.976562 -1.25023

0.976562 -1.25023
0.976838 -1.25

0.976838 -1.25
0.986328 -1.24185

0.986328 -1.24185
0.988193 -1.24023

0.988176 -1.24023
0.996094 -1.23331

0.996094 -1.23331
0.999322 -1.23047

0.999257 -1.23047
1.00586 -1.22465

1.00586 -1.22462
1.01024 -1.2207

1.01016 -1.2207
1.01562 -1.21578

1.01562 -1.2158
1.02092 -1.21094

1.02084 -1.21094
1.02539 -1.20675

1.02539 -1.20675
1.03139 -1.20117

1.03134 -1.20117
1.03516 -1.19759

1.03516 -1.19758
1.04167 -1.19141

1.04163 -1.19141
1.04492 -1.18824

1.04492 -1.18824
1.05174 -1.18164

1.05171 -1.18164
1.05469 -1.17873

1.05469 -1.17874
1.06163 -1.17188

1.0616 -1.17188
1.06445 -1.16903

1.06445 -1.16905
1.07133 -1.16211

1.07132 -1.16211
1.07422 -1.15916

1.07422 -1.15918
1.08084 -1.15234

1.08085 -1.15234
1.08398 -1.14908

1.08398 -1.14912
1.0902 -1.14258

1.09021 -1.14258
1.09375 -1.13883

1.09375 -1.13885
1.0994 -1.13281

1.09941 -1.13281
1.10352 -1.12837

1.10352 -1.1284
1.1084 -1.12305

1.10846 -1.12305
1.11328 -1.11769

1.11328 -1.11772
1.11726 -1.11328

1.11732 -1.11328
1.12305 -1.1068

1.12305 -1.10684
1.12599 -1.10352

1.126 -1.10352
1.13281 -1.09574

1.13281 -1.09576
1.13456 -1.09375

1.13456 -1.09375
1.14258 -1.08445

1.14258 -1.08445
1.14298 -1.08398

1.14297 -1.08398
1.15125 -1.07422

1.15124 -1.07422
1.15234 -1.0729

1.15234 -1.07291
1.1594 -1.06445

1.15941 -1.06445
1.16211 -1.06115

1.16211 -1.06115
1.16739 -1.05469

1.16743 -1.05469
1.17188 -1.04913

1.17188 -1.04917
1.17523 -1.04492

1.17527 -1.04492
1.18164 -1.03689

1.18164 -1.03692
1.18302 -1.03516

1.18302 -1.03516
1.19064 -1.02539

1.19064 -1.02539
1.19141 -1.02439

1.19141 -1.02438
1.19812 -1.01562

1.19814 -1.01562
1.20117 -1.01155

1.20117 -1.01159
1.20548 -1.00586

1.20548 -1.00586
1.21094 -0.998503

1.21094 -0.998542
1.21271 -0.996094

1.21272 -0.996094
1.21984 -0.986328

1.21985 -0.986328
1.2207 -0.985132

1.2207 -0.985128
1.22684 -0.976562

1.22684 -0.976562
1.23047 -0.971413

1.23047 -0.971436
1.23373 -0.966797

1.23373 -0.966797
1.24023 -0.957407

1.24023 -0.957413
1.24049 -0.957031

1.24049 -0.957031
1.24715 -0.947266

1.24713 -0.947266
1.25 -0.942981

1.25 -0.943049
1.25368 -0.9375

1.25368 -0.9375
1.25977 -0.928261

1.25977 -0.928276
1.26011 -0.927734

1.26011 -0.927734
1.26643 -0.917969

1.26642 -0.917969
1.26953 -0.913087

1.26953 -0.913113
1.27266 -0.908203

1.27265 -0.908203
1.27876 -0.898438

1.27876 -0.898438
1.2793 -0.897548

1.2793 -0.897558
1.28476 -0.888672

1.28476 -0.888672
1.28906 -0.881549

1.28906 -0.881562
1.29066 -0.878906

1.29066 -0.878906
1.29646 -0.869141

1.29645 -0.869141
1.29883 -0.86507

1.29883 -0.865091
1.30216 -0.859375

1.30216 -0.859375
1.30776 -0.849609

1.30776 -0.849609
1.30859 -0.848127

1.30859 -0.848127
1.31326 -0.839844

1.31326 -0.839844
1.31836 -0.83063

1.31836 -0.830634
1.31867 -0.830078

1.31866 -0.830078
1.32397 -0.820312

1.32399 -0.820312
1.32812 -0.812514

1.32812 -0.812519
1.32918 -0.810547

1.32919 -0.810547
1.33432 -0.800781

1.33431 -0.800781
1.33789 -0.793847

1.33789 -0.793861
1.33936 -0.791016

1.33935 -0.791016
1.3443 -0.78125

1.3443 -0.78125
1.34766 -0.774506

1.34766 -0.774519
1.34917 -0.771484

1.34916 -0.771484
1.35394 -0.761719

1.35393 -0.761719
1.35742 -0.754453

1.35742 -0.754463
1.35863 -0.751953

1.35862 -0.751953
1.36322 -0.742188

1.36324 -0.742188
1.36719 -0.733584

1.36719 -0.733591
1.36773 -0.732422

1.36774 -0.732422
1.37218 -0.722656

1.37218 -0.722656
1.37653 -0.712891

1.37652 -0.712891
1.37695 -0.711912

1.37695 -0.711932
1.38081 -0.703125

1.38081 -0.703125
1.385 -0.693359

1.385 -0.693359
1.38672 -0.689278

1.38672 -0.68929
1.38912 -0.683594

1.38912 -0.683594
1.39315 -0.673828

1.39315 -0.673828
1.39648 -0.665598

1.39648 -0.665609
1.39711 -0.664062

1.39711 -0.664062
1.40099 -0.654297

1.40099 -0.654297
1.40479 -0.644531

1.40479 -0.644531
1.40625 -0.6407

1.40625 -0.640751
1.4122 -0.625

1.41217 -0.625
1.41573 -0.615234

1.41573 -0.615234
1.41602 -0.614423

1.41602 -0.61445
1.41922 -0.605469

1.41922 -0.605469
1.42264 -0.595703

1.42264 -0.595703
1.42578 -0.586541

1.42578 -0.586546
1.42599 -0.585938

1.42599 -0.585938
1.42927 -0.576172

1.42927 -0.576172
1.43247 -0.566406

1.43247 -0.566406
1.43555 -0.556811

1.43555 -0.556812
1.4356 -0.556641

1.4356 -0.556641
1.43866 -0.546875

1.43866 -0.546875
1.44165 -0.537109

1.44165 -0.537109
1.44457 -0.527344

1.44456 -0.527344
1.44531 -0.524776

1.44531 -0.524867
1.45023 -0.507812

1.4502 -0.507812
1.4529 -0.498047

1.4529 -0.498047
1.45508 -0.489977

1.45508 -0.489992
1.45554 -0.488281

1.45554 -0.488281
1.4581 -0.478516

1.4581 -0.478516
1.4606 -0.46875

1.4606 -0.46875
1.46302 -0.458984

1.46302 -0.458984
1.46484 -0.451449

1.46484 -0.451464
1.46539 -0.449219

1.46538 -0.449219
1.46767 -0.439453

1.46767 -0.439453
1.46989 -0.429688

1.46989 -0.429688
1.47204 -0.419922

1.47204 -0.419922
1.47412 -0.410156

1.47412 -0.410156
1.47461 -0.407771

1.47461 -0.407812
1.47614 -0.400391

1.47614 -0.400391
1.47809 -0.390625

1.47809 -0.390625
1.47998 -0.380859

1.47998 -0.380859
1.4818 -0.371094

1.4818 -0.371094
1.48356 -0.361328

1.48356 -0.361328
1.48438 -0.356636

1.48438 -0.35663
1.48527 -0.351562

1.48526 -0.351562
1.48689 -0.341797

1.48689 -0.341797
1.48846 -0.332031

1.48846 -0.332031
1.48996 -0.322266

1.48996 -0.322266
1.4914 -0.3125

1.4914 -0.3125
1.49278 -0.302734

1.49278 -0.302734
1.49409 -0.292969

1.49409 -0.292969
1.49414 -0.292556

1.49414 -0.292577
1.49534 -0.283203

1.49534 -0.283203
1.49653 -0.273438

1.49653 -0.273438
1.49766 -0.263672

1.49766 -0.263672
1.49872 -0.253906

1.49872 -0.253906
1.49972 -0.244141

1.49972 -0.244141
1.50067 -0.234375

1.50067 -0.234375
1.50155 -0.224609

1.50155 -0.224609
1.50237 -0.214844

1.50237 -0.214844
1.50313 -0.205078

1.50313 -0.205078
1.50384 -0.195312

1.50383 -0.195312
1.50391 -0.194194

1.50391 -0.194258
1.50448 -0.185547

1.50448 -0.185547
1.50506 -0.175781

1.50506 -0.175781
1.50558 -0.166016

1.50558 -0.166016
1.50603 -0.15625

1.50603 -0.15625
1.50643 -0.146484

1.50643 -0.146484
1.50676 -0.136719

1.50676 -0.136719
1.50703 -0.126953

1.50703 -0.126953
1.50723 -0.117188

1.50723 -0.117188
1.50738 -0.107422

1.50738 -0.107422
1.50746 -0.0976562

1.50746 -0.0976562
1.50748 -0.0878906

1.50748 -0.0878906
1.50744 -0.078125

1.50744 -0.078125
1.50734 -0.0683594

1.50734 -0.0683594
1.50717 -0.0585938

1.50717 -0.0585938
1.50695 -0.0488281

1.50695 -0.0488281
1.50666 -0.0390625

1.50666 -0.0390625
1.50631 -0.0292969

1.50631 -0.0292969
1.5059 -0.0195312

1.5059 -0.0195312
1.50542 -0.00976562

1.50542 -0.00976562
1.50489 0

0.712891 1.24674
0.706753 1.25

0.712891 1.24674
0.722656 1.24146

0.732422 1.2361
0.724893 1.24023

0.722656 1.24146
0.724879 1.24023

0.732422 1.23609
0.742188 1.23063

0.78125 1.20782
0.776009 1.21094

0.751953 1.22507
0.742471 1.23047

0.761719 1.21942
0.759498 1.2207

0.751953 1.22507
0.759485 1.2207

0.742188 1.23063
0.742472 1.23047

0.761719 1.21941
0.771484 1.21365

0.771484 1.21364
0.775993 1.21094

0.839844 1.1705
0.837745 1.17188

0.839844 1.17047
0.849609 1.16386

0.859375 1.15714
0.852155 1.16211

0.849609 1.16385
0.852192 1.16211

0.78125 1.2078
0.791016 1.20184

0.800781 1.19578
0.79209 1.20117

0.791016 1.20184
0.792112 1.20117

0.810547 1.18963
0.807726 1.19141

0.810547 1.18962
0.820312 1.18335

0.800781 1.19578
0.807705 1.19141

0.830078 1.17697
0.822929 1.18164

0.820312 1.18333
0.822922 1.18164

0.830078 1.17696
0.837724 1.17188

0.898438 1.12915
0.893371 1.13281

0.869141 1.15035
0.866249 1.15234

0.869141 1.15031
0.878906 1.14335

0.859375 1.15713
0.866215 1.15234

0.888672 1.13628
0.879976 1.14258

0.878906 1.14335
0.879998 1.14258

0.888672 1.13625
0.893371 1.13281

0.908203 1.12179
0.906519 1.12305

0.898438 1.12909
0.90651 1.12305

0.908203 1.12178
0.917969 1.11434

0.927734 1.10678
0.919342 1.11328

0.9375 1.0991
0.931869 1.10352

0.927734 1.10675
0.931933 1.10352

0.917969 1.11434
0.919362 1.11328

1.25 0.759347
1.24844 0.761719

1.24023 0.773813
1.23511 0.78125

1.24844 0.761719
1.24183 0.771484

1.24023 0.773787
1.24178 0.771484

1.11328 0.93436
1.11044 0.9375

1.13281 0.91235
1.12797 0.917969

1.12305 0.923472
1.11927 0.927734

1.11328 0.934366
1.1192 0.927734

1.12305 0.923487
1.12787 0.917969

1.15234 0.889543
1.14484 0.898438

1.16211 0.877771
1.16118 0.878906

1.17188 0.865752
1.16918 0.869141

1.16211 0.877768
1.16915 0.869141

1.16118 0.878906
1.15308 0.888672

1.15234 0.889536
1.15307 0.888672

1.14258 0.901068
1.13646 0.908203

1.13281 0.912383
1.13642 0.908203

1.14258 0.901064
1.14481 0.898438

1.21094 0.814969
1.20708 0.820312

1.18164 0.853482
1.17701 0.859375

1.19141 0.840949
1.18469 0.849609

1.18164 0.853478
1.18463 0.849609

1.20117 0.828117
1.19971 0.830078

1.19971 0.830078
1.19226 0.839844

1.20117 0.828131
1.20704 0.820312

1.19141 0.840942
1.19225 0.839844

1.23047 0.787836
1.22827 0.791016

1.22827 0.791016
1.22131 0.800781

1.2207 0.801622
1.21423 0.810547

1.21094 0.815032
1.21421 0.810547

1.2207 0.801607
1.22129 0.800781

1.23047 0.787876
1.23511 0.78125

1.17188 0.865764
1.17694 0.859375

0.947266 1.09129
0.944173 1.09375

0.957031 1.0833
0.9562 1.08398

0.947266 1.09127
0.956193 1.08398

0.976562 1.06695
0.967955 1.07422

0.957031 1.0833
0.966797 1.0752

0.966797 1.07519
0.967958 1.07422

0.996094 1.05004
0.990722 1.05469

1.01562 1.03246
1.01266 1.03516

1.00586 1.04131
1.0018 1.04492

0.996094 1.04997
1.00185 1.04492

1.00586 1.04127
1.01268 1.03516

0.986328 1.05857
0.97946 1.06445

0.976562 1.06692
0.979468 1.06445

0.986328 1.05852
0.990773 1.05469

1.03516 1.01426
1.03371 1.01562

1.05469 0.995384
1.05397 0.996094

1.04492 1.00491
1.04393 1.00586

1.03516 1.01425
1.04393 1.00586

1.04492 1.0049
1.05396 0.996094

1.07422 0.975802
1.07347 0.976562

1.09375 0.955476
1.09228 0.957031

1.08398 0.965732
1.08296 0.966797

1.07422 0.975799
1.08296 0.966797

1.08398 0.965729
1.09227 0.957031

1.06445 0.985685
1.06381 0.986328

1.05469 0.995378
1.06381 0.986328

1.06445 0.985684
1.07347 0.976562

1.02539 1.02344
1.02329 1.02539

1.01562 1.03243
1.02329 1.02539

1.02539 1.02343
1.03371 1.01562

0.9375 1.09906
0.944204 1.09375

1.10352 0.945018
1.10144 0.947266

1.09375 0.95547
1.10142 0.947266

1.10352 0.945018
1.11039 0.9375

0 1.42337
0.00976562 1.42339

0.00976562 1.42339
0.0195312 1.42334

0.0195312 1.42334
0.0292969 1.42323

0.0292969 1.42323
0.0390625 1.42305

0.0390625 1.42305
0.0488281 1.4228

0.0488281 1.4228
0.0585938 1.42249

0.0585938 1.42249
0.0683594 1.42211

0.0683594 1.42211
0.078125 1.42167

0.078125 1.42167
0.0878906 1.42117

0.0878906 1.42117
0.0976562 1.4206

0.0976562 1.4206
0.107422 1.41997

0.107422 1.41997
0.117188 1.41927

0.117188 1.41927
0.126953 1.41851

0.126953 1.41851
0.136719 1.41769

0.136719 1.41769
0.146484 1.4168

0.15625 1.41585
0.154573 1.41602

0.146484 1.4168
0.154584 1.41602

0.234375 1.40596
0.232366 1.40625

0.234375 1.40595
0.244141 1.40443

0.244141 1.40443
0.253906 1.40283

0.253906 1.40283
0.263672 1.40118

0.263672 1.40118
0.273438 1.39946

0.273438 1.39946
0.283203 1.39768

0.292969 1.39583
0.289531 1.39648

0.283203 1.39768
0.289553 1.39648

0.292969 1.39584
0.302734 1.39393

0.302734 1.39393
0.3125 1.39195

0.15625 1.41585
0.166016 1.41484

0.166016 1.41484
0.175781 1.41376

0.175781 1.41376
0.185547 1.41262

0.185547 1.41262
0.195312 1.41142

0.195312 1.41142
0.205078 1.41015

0.205078 1.41015
0.214844 1.40881

0.214844 1.40881
0.224609 1.40742

0.224609 1.40742
0.232394 1.40625

0.3125 1.39195
0.322266 1.3899

0.322266 1.3899
0.332031 1.38778

0.341797 1.38559
0.336758 1.38672

0.341797 1.38559
0.351562 1.38332

0.332031 1.38778
0.336743 1.38672

0.351562 1.38332
0.361328 1.38099

0.361328 1.38099
0.371094 1.37859

0.380859 1.37611
0.377531 1.37695

0.371094 1.37859
0.377535 1.37695

0.380859 1.37611
0.390625 1.37356

0.429688 1.36268
0.413943 1.36719

0.390625 1.37356
0.400391 1.37095

0.400391 1.37095
0.410156 1.36826

0.410156 1.36827
0.41397 1.36719

0.429688 1.36266
0.439453 1.35976

0.449219 1.35678
0.447116 1.35742

0.439453 1.35976
0.44712 1.35742

0.449219 1.35678
0.458984 1.35373

0.458984 1.35373
0.46875 1.35061

0.546875 1.32289
0.53303 1.32812

0.478516 1.34741
0.477759 1.34766

0.478516 1.34741
0.488281 1.34413

0.46875 1.35061
0.477759 1.34766

0.488281 1.34413
0.498047 1.34078

0.507812 1.33735
0.50626 1.33789

0.498047 1.34078
0.506264 1.33789

0.507812 1.33735
0.517578 1.33384

0.517578 1.33384
0.527344 1.33026

0.527344 1.33027
0.533061 1.32812

0.546875 1.32287
0.556641 1.31906

0.566406 1.31517
0.558395 1.31836

0.556641 1.31906
0.558401 1.31836

0.585938 1.30715
0.582468 1.30859

0.566406 1.31517
0.576172 1.3112

0.576172 1.3112
0.582453 1.30859

0.585938 1.30715
0.595703 1.30302

0.605469 1.2988
0.605398 1.29883

0.595703 1.30302
0.605401 1.29883

0.605469 1.2988
0.615234 1.2945

0.615234 1.2945
0.625 1.29012

0.634766 1.28565
0.627312 1.28906

0.634766 1.28565
0.644531 1.28109

0.654297 1.27646
0.648319 1.2793

0.644531 1.28109
0.648309 1.2793

0.654297 1.27645
0.664062 1.27173

0.625 1.29011
0.627278 1.28906

0.673828 1.26692
0.668528 1.26953

0.673828 1.26691
0.683594 1.262

0.664062 1.27172
0.668501 1.26953

0.693359 1.25701
0.687973 1.25977

0.683594 1.262
0.687959 1.25977

0.693359 1.25701
0.703125 1.25192

0.703125 1.25192
0.706705 1.25

1.50391 0.0155037
1.50363 0.0195312

1.50363 0.0195312
1.5029 0.0292969

1.5029 0.0292969
1.50211 0.0390625

1.50489 0
1.50429 0.00976562

1.50391 0.0153533
1.50428 0.00976562

1.50211 0.0390625
1.50125 0.0488281

1.50125 0.0488281
1.50033 0.0585938

1.50033 0.0585938
1.49934 0.0683594

1.49934 0.0683594
1.49828 0.078125

1.49828 0.078125
1.49717 0.0878906

1.49717 0.0878906
1.49598 0.0976562

1.49414 0.111881
1.49343 0.117188

1.49598 0.0976562
1.49473 0.107422

1.49414 0.111796
1.49473 0.107422

1.49342 0.117188
1.49205 0.126953

1.49205 0.126953
1.4906 0.136719

1.4906 0.136719
1.4891 0.146484

1.4891 0.146484
1.48753 0.15625

1.48438 0.174792
1.4842 0.175781

1.4842 0.175781
1.48243 0.185547

1.48243 0.185547
1.4806 0.195312

1.4806 0.195312
1.4787 0.205078

1.4787 0.205078
1.47674 0.214844

1.47461 0.22506
1.47261 0.234375

1.47674 0.214844
1.47471 0.224609

1.47461 0.225049
1.4747 0.224609

1.46484 0.268287
1.4636 0.273438

1.47261 0.234375
1.47045 0.244141

1.47045 0.244141
1.46823 0.253906

1.46823 0.253906
1.46595 0.263672

1.46484 0.268249
1.46594 0.263672

1.4636 0.273438
1.46118 0.283203

1.46118 0.283203
1.4587 0.292969

1.45508 0.306724
1.45353 0.3125

1.4587 0.292969
1.45614 0.302734

1.45508 0.306652
1.45613 0.302734

1.48753 0.15625
1.4859 0.166016

1.48438 0.174762
1.4859 0.166016

1.40625 0.457396
1.40189 0.46875

1.38672 0.505906
1.38592 0.507812

1.39648 0.482258
1.39405 0.488281

1.40187 0.46875
1.39799 0.478516

1.39648 0.482224
1.39798 0.478516

1.39404 0.488281
1.39002 0.498047

1.38672 0.505892
1.39002 0.498047

1.38591 0.507812
1.38173 0.517578

1.38173 0.517578
1.37746 0.527344

1.37695 0.528486
1.37311 0.537109

1.37311 0.537109
1.36868 0.546875

1.37695 0.528463
1.37745 0.527344

1.36719 0.550104
1.36417 0.556641

1.36416 0.556641
1.35957 0.566406

1.35742 0.570896
1.35489 0.576172

1.35489 0.576172
1.35012 0.585938

1.35742 0.570864
1.35956 0.566406

1.34766 0.590905
1.34527 0.595703

1.34527 0.595703
1.34033 0.605469

1.33789 0.610217
1.33531 0.615234

1.3353 0.615234
1.33018 0.625

1.33789 0.610179
1.34032 0.605469

1.34766 0.590881
1.35011 0.585938

1.36719 0.550074
1.36868 0.546875

1.44531 0.341485
1.44235 0.351562

1.44233 0.351562
1.43936 0.361328

1.43936 0.361328
1.43631 0.371094

1.43555 0.373497
1.4332 0.380859

1.4332 0.380859
1.43001 0.390625

1.43555 0.373461
1.4363 0.371094

1.45352 0.3125
1.45083 0.322266

1.45083 0.322266
1.44806 0.332031

1.44531 0.341532
1.44806 0.332031

1.42578 0.403267
1.42343 0.410156

1.42343 0.410156
1.42003 0.419922

1.42003 0.419922
1.41655 0.429688

1.43001 0.390625
1.42676 0.400391

1.42578 0.403217
1.42674 0.400391

1.41602 0.431153
1.41299 0.439453

1.41299 0.439453
1.40936 0.449219

1.41602 0.431114
1.41653 0.429688

1.40625 0.457422
1.40936 0.449219

1.28906 0.697792
1.28588 0.703125

1.32812 0.628851
1.32497 0.634766

1.32497 0.634766
1.31967 0.644531

1.31836 0.646903
1.31427 0.654297

1.31427 0.654297
1.30878 0.664062

1.31836 0.646878
1.31966 0.644531

1.29883 0.681351
1.29752 0.683594

1.30859 0.664393
1.3032 0.673828

1.29883 0.681336
1.3032 0.673828

1.29752 0.683594
1.29174 0.693359

1.28906 0.697783
1.29173 0.693359

1.30859 0.664388
1.30878 0.664062

1.26953 0.729382
1.26761 0.732422

1.26761 0.732422
1.26132 0.742188

1.2793 0.713823
1.2738 0.722656

1.28586 0.703125
1.27988 0.712891

1.2793 0.713809
1.27985 0.712891

1.26953 0.729389
1.27379 0.722656

1.25977 0.744576
1.25494 0.751953

1.25 0.759371
1.25494 0.751953

1.25977 0.744569
1.2613 0.742188

1.32812 0.628822
1.33018 0.625

