-0.400391 -1.25064
-0.40116 -1.25

-0.400391 -1.25062
-0.390625 -1.25878

-0.351562 -1.29208
-0.355077 -1.28906

-0.371094 -1.27529
-0.37791 -1.26953

-0.380859 -1.267
-0.389451 -1.25977

-0.390625 -1.25876
-0.38942 -1.25977

-0.380859 -1.26694
-0.37778 -1.26953

-0.361328 -1.28365
-0.366485 -1.2793

-0.371094 -1.27526
-0.366311 -1.2793

-0.361328 -1.28365
-0.354975 -1.28906

-0.332031 -1.30898
-0.332475 -1.30859

-0.341797 -1.30053
-0.343766 -1.29883

-0.351562 -1.29205
-0.343715 -1.29883

-0.341797 -1.3005
-0.332464 -1.30859

-0.332031 -1.30897
-0.322266 -1.31747

-0.3125 -1.32602
-0.321258 -1.31836

-0.322266 -1.31745
-0.32122 -1.31836

-0.0390625 -1.56626
-0.0437412 -1.5625

-0.0292969 -1.57411
-0.0316251 -1.57227

-0.0390625 -1.56624
-0.0315474 -1.57227

-0.0292969 -1.57408
-0.0195312 -1.58182

-0.00976562 -1.58948
-0.0192663 -1.58203

0 -1.59708
-0.00681303 -1.5918

-0.00976562 -1.58945
-0.00670714 -1.5918

-0.0195312 -1.58181
-0.0192504 -1.58203

-0.214844 -1.41334
-0.222703 -1.40625

-0.195312 -1.43104
-0.201184 -1.42578

-0.205078 -1.42217
-0.211946 -1.41602

-0.214844 -1.41329
-0.211813 -1.41602

-0.205078 -1.42211
-0.200996 -1.42578

-0.175781 -1.44868
-0.179542 -1.44531

-0.15625 -1.46616
-0.157734 -1.46484

-0.166016 -1.45743
-0.168657 -1.45508

-0.175781 -1.44866
-0.16858 -1.45508

-0.166016 -1.4574
-0.157681 -1.46484

-0.185547 -1.43986
-0.190368 -1.43555

-0.195312 -1.431
-0.190233 -1.43555

-0.185547 -1.43985
-0.179414 -1.44531

-0.302734 -1.3346
-0.310135 -1.32812

-0.292969 -1.34317
-0.299062 -1.33789

-0.302734 -1.33458
-0.298932 -1.33789

-0.283203 -1.35186
-0.287998 -1.34766

-0.273438 -1.36054
-0.276961 -1.35742

-0.283203 -1.35183
-0.276822 -1.35742

-0.292969 -1.34314
-0.287804 -1.34766

-0.263672 -1.36931
-0.266041 -1.36719

-0.253906 -1.37807
-0.255146 -1.37695

-0.263672 -1.36925
-0.255116 -1.37695

-0.244141 -1.38686
-0.244299 -1.38672

-0.244141 -1.38686
-0.234375 -1.39568

-0.253906 -1.37805
-0.244295 -1.38672

-0.273438 -1.3605
-0.265942 -1.36719

-0.3125 -1.32599
-0.310053 -1.32812

-0.224609 -1.40451
-0.233491 -1.39648

-0.234375 -1.39565
-0.233455 -1.39648

-0.224609 -1.40446
-0.22262 -1.40625

-0.126953 -1.49206
-0.135688 -1.48438

-0.117188 -1.5006
-0.124597 -1.49414

-0.126953 -1.49201
-0.124512 -1.49414

-0.0878906 -1.52585
-0.09074 -1.52344

-0.078125 -1.53408
-0.0791675 -1.5332

-0.0878906 -1.52581
-0.0791466 -1.5332

-0.107422 -1.50907
-0.113464 -1.50391

-0.0976562 -1.51746
-0.102126 -1.51367

-0.107422 -1.50909
-0.102019 -1.51367

-0.117188 -1.50054
-0.113282 -1.50391

-0.0976562 -1.51746
-0.0906375 -1.52344

-0.146484 -1.47482
-0.146725 -1.47461

-0.15625 -1.46613
-0.146717 -1.47461

-0.146484 -1.47482
-0.136719 -1.48346

-0.136719 -1.48342
-0.135634 -1.48438

-0.0585938 -1.55034
-0.0674858 -1.54297

-0.078125 -1.53407
-0.0683594 -1.54224

-0.0683594 -1.54223
-0.0674734 -1.54297

-0.0488281 -1.55833
-0.0556702 -1.55273

-0.0585938 -1.55035
-0.0556652 -1.55273

-0.0488281 -1.55835
-0.0436346 -1.5625

-0.9375 -0.803626
-0.940019 -0.800781

-0.947266 -0.792536
-0.948585 -0.791016

-0.948593 -0.791016
-0.956988 -0.78125

-0.947266 -0.792531
-0.94003 -0.800781

-1.01562 -0.706837
-1.01828 -0.703125

-1.05469 -0.649767
-1.05805 -0.644531

-1.06445 -0.634327
-1.07019 -0.625

-1.05805 -0.644531
-1.06418 -0.634766

-1.06445 -0.634316
-1.06418 -0.634766

-1.04492 -0.664729
-1.04536 -0.664062

-1.03516 -0.679182
-1.03882 -0.673828

-1.04492 -0.664726
-1.03882 -0.673828

-1.02539 -0.693223
-1.03213 -0.683594

-1.01832 -0.703125
-1.0253 -0.693359

-1.02539 -0.69322
-1.02529 -0.693359

-1.03516 -0.679164
-1.03213 -0.683594

-1.04537 -0.664062
-1.05177 -0.654297

-1.05469 -0.649753
-1.05177 -0.654297

-0.986328 -0.745465
-0.988876 -0.742188

-0.976562 -0.757691
-0.981157 -0.751953

-0.986328 -0.745457
-0.981184 -0.751953

-0.996094 -0.732938
-0.996489 -0.732422

-0.996492 -0.732422
-1.00392 -0.722656

-1.00586 -0.720057
-1.0112 -0.712891

-1.01562 -0.706819
-1.01119 -0.712891

-1.00586 -0.720011
-1.00391 -0.722656

-0.996094 -0.732936
-0.988913 -0.742188

-0.966797 -0.769573
-0.973281 -0.761719

-0.957031 -0.781199
-0.965216 -0.771484

-0.966797 -0.769561
-0.965207 -0.771484

-0.976562 -0.757629
-0.97329 -0.761719

-0.957031 -0.781198
-0.956987 -0.78125

-0.800781 -0.937739
-0.801056 -0.9375

-0.800781 -0.937737
-0.791016 -0.946176

-0.78125 -0.954504
-0.789736 -0.947266

-0.791016 -0.946177
-0.789743 -0.947266

-0.703125 -1.01781
-0.705954 -1.01562

-0.751953 -0.97889
-0.754814 -0.976562

-0.742188 -0.98683
-0.742809 -0.986328

-0.751953 -0.978884
-0.742805 -0.986328

-0.771484 -0.962712
-0.778258 -0.957031

-0.761719 -0.970807
-0.766631 -0.966797

-0.771484 -0.962768
-0.766567 -0.966797

-0.78125 -0.95452
-0.778256 -0.957031

-0.761719 -0.970845
-0.754761 -0.976562

-0.722656 -1.00247
-0.730656 -0.996094

-0.742188 -0.986828
-0.732422 -0.994689

-0.732422 -0.994696
-0.730661 -0.996094

-0.712891 -1.01013
-0.718356 -1.00586

-0.722656 -1.00252
-0.718346 -1.00586

-0.712891 -1.01016
-0.705897 -1.01562

-0.703125 -1.0178
-0.693359 -1.02537

-0.683594 -1.03289
-0.693336 -1.02539

-0.693359 -1.02537
-0.693337 -1.02539

-0.673828 -1.04036
-0.680627 -1.03516

-0.664062 -1.04777
-0.667893 -1.04492

-0.673828 -1.04035
-0.667815 -1.04492

-0.683594 -1.03292
-0.680628 -1.03516

-0.654297 -1.05518
-0.654951 -1.05469

-0.654297 -1.05517
-0.644531 -1.06253

-0.625 -1.0772
-0.629042 -1.07422

-0.634766 -1.06988
-0.641979 -1.06445

-0.644531 -1.06254
-0.641945 -1.06445

-0.634766 -1.06986
-0.62895 -1.07422

-0.664062 -1.04779
-0.65494 -1.05469

-0.878906 -0.86536
-0.884906 -0.859375

-0.859375 -0.884372
-0.865085 -0.878906

-0.869141 -0.874956
-0.875092 -0.869141

-0.878906 -0.865362
-0.875081 -0.869141

-0.869141 -0.874967
-0.86507 -0.878906

-0.917969 -0.825077
-0.92236 -0.820312

-0.898438 -0.845623
-0.903989 -0.839844

-0.908203 -0.835451
-0.913255 -0.830078

-0.917969 -0.82504
-0.913289 -0.830078

-0.908203 -0.835442
-0.904019 -0.839844

-0.927734 -0.814474
-0.931281 -0.810547

-0.9375 -0.803586
-0.931308 -0.810547

-0.927734 -0.814417
-0.922393 -0.820312

-0.888672 -0.855586
-0.894537 -0.849609

-0.898438 -0.845615
-0.894555 -0.849609

-0.888672 -0.855589
-0.884914 -0.859375

-0.839844 -0.902722
-0.844488 -0.898438

-0.820312 -0.920486
-0.823127 -0.917969

-0.830078 -0.911669
-0.833896 -0.908203

-0.839844 -0.902781
-0.83388 -0.908203

-0.830078 -0.911726
-0.82311 -0.917969

-0.849609 -0.893632
-0.854889 -0.888672

-0.859375 -0.884388
-0.85486 -0.888672

-0.849609 -0.893664
-0.844473 -0.898438

-0.810547 -0.929181
-0.812187 -0.927734

-0.820312 -0.920507
-0.812178 -0.927734

-0.810547 -0.929183
-0.801054 -0.9375

-1.11328 -0.547682
-1.1137 -0.546875

-1.10352 -0.566456
-1.10354 -0.566406

-1.09375 -0.584428
-1.09829 -0.576172

-1.10352 -0.56646
-1.09829 -0.576172

-1.10354 -0.566406
-1.10868 -0.556641

-1.11328 -0.547681
-1.10868 -0.556641

-1.13281 -0.507404
-1.13708 -0.498047

-1.13708 -0.498047
-1.14143 -0.488281

-1.14258 -0.485648
-1.14568 -0.478516

-1.14568 -0.478516
-1.14981 -0.46875

-1.14258 -0.48564
-1.14143 -0.488281

-1.12305 -0.528033
-1.12339 -0.527344

-1.1137 -0.546875
-1.1186 -0.537109

-1.12305 -0.528033
-1.1186 -0.537109

-1.12338 -0.527344
-1.12806 -0.517578

-1.12806 -0.517578
-1.13263 -0.507812

-1.13281 -0.507399
-1.13263 -0.507812

-1.17188 -0.411892
-1.1725 -0.410156

-1.1725 -0.410156
-1.17594 -0.400391

-1.17594 -0.400391
-1.17928 -0.390625

-1.19141 -0.352528
-1.1917 -0.351562

-1.18164 -0.383523
-1.18253 -0.380859

-1.18252 -0.380859
-1.18568 -0.371094

-1.18164 -0.383518
-1.17928 -0.390625

-1.18568 -0.371094
-1.18873 -0.361328

-1.19141 -0.352527
-1.18873 -0.361328

-1.1917 -0.351562
-1.19457 -0.341797

-1.19457 -0.341797
-1.19736 -0.332031

-1.20117 -0.318057
-1.20265 -0.3125

-1.19736 -0.332031
-1.20005 -0.322266

-1.20117 -0.318046
-1.20005 -0.322266

-1.15234 -0.462631
-1.15385 -0.458984

-1.15385 -0.458984
-1.15778 -0.449219

-1.16211 -0.438143
-1.16534 -0.429688

-1.15778 -0.449219
-1.16161 -0.439453

-1.16211 -0.438138
-1.16161 -0.439453

-1.15234 -0.462623
-1.14981 -0.46875

-1.16534 -0.429688
-1.16897 -0.419922

-1.17188 -0.411888
-1.16897 -0.419922

-1.07422 -0.618306
-1.07607 -0.615234

-1.07606 -0.615234
-1.08181 -0.605469

-1.08398 -0.601687
-1.08743 -0.595703

-1.08742 -0.595703
-1.09292 -0.585938

-1.08398 -0.601671
-1.0818 -0.605469

-1.07422 -0.618293
-1.07018 -0.625

-1.09375 -0.584423
-1.09292 -0.585938

-1.21094 -0.278894
-1.2122 -0.273438

-1.2122 -0.273438
-1.21437 -0.263672

-1.21437 -0.263672
-1.21646 -0.253906

-1.21646 -0.253906
-1.21846 -0.244141

-1.21846 -0.244141
-1.22038 -0.234375

-1.20265 -0.3125
-1.20517 -0.302734

-1.20517 -0.302734
-1.2076 -0.292969

-1.2076 -0.292969
-1.20994 -0.283203

-1.21094 -0.278886
-1.20994 -0.283203

-1.2207 -0.232664
-1.22222 -0.224609

-1.22222 -0.224609
-1.22397 -0.214844

-1.2207 -0.232662
-1.22038 -0.234375

-1.22397 -0.214844
-1.22564 -0.205078

-1.22564 -0.205078
-1.22723 -0.195312

-1.23047 -0.17359
-1.23151 -0.166016

-1.23151 -0.166016
-1.23278 -0.15625

-1.22723 -0.195312
-1.22874 -0.185547

-1.22874 -0.185547
-1.23017 -0.175781

-1.23047 -0.173592
-1.23017 -0.175781

-1.23278 -0.15625
-1.23396 -0.146484

-1.23396 -0.146484
-1.23506 -0.136719

-1.23506 -0.136719
-1.23608 -0.126953

-1.23608 -0.126953
-1.23702 -0.117188

-1.23702 -0.117188
-1.23788 -0.107422

-1.23788 -0.107422
-1.23866 -0.0976562

-1.23866 -0.0976562
-1.23936 -0.0878906

-1.23936 -0.0878906
-1.23998 -0.078125

-1.24023 -0.0735101
-1.24052 -0.0683594

-1.24052 -0.0683594
-1.24098 -0.0585938

-1.24023 -0.0735235
-1.23998 -0.078125

-1.24098 -0.0585938
-1.24137 -0.0488281

-1.24137 -0.0488281
-1.24168 -0.0390625

-1.24168 -0.0390625
-1.24191 -0.0292969

-1.24191 -0.0292969
-1.24207 -0.0195312

-1.24207 -0.0195312
-1.24214 -0.00976562

-1.24214 -0.00976562
-1.24215 0

-0.595703 -1.09909
-0.602862 -1.09375

-0.585938 -1.10639
-0.589853 -1.10352

-0.595703 -1.09907
-0.589749 -1.10352

-0.546875 -1.13561
-0.550685 -1.13281

-0.576172 -1.11368
-0.576708 -1.11328

-0.576172 -1.11367
-0.566406 -1.12097

-0.585938 -1.10638
-0.576697 -1.11328

-0.556641 -1.12827
-0.563626 -1.12305

-0.566406 -1.121
-0.563616 -1.12305

-0.556641 -1.12825
-0.550549 -1.13281

-0.498047 -1.17272
-0.499157 -1.17188

-0.498047 -1.17271
-0.488281 -1.18024

-0.46875 -1.19541
-0.473933 -1.19141

-0.478516 -1.18781
-0.486472 -1.18164

-0.488281 -1.18023
-0.48644 -1.18164

-0.478516 -1.18782
-0.473838 -1.19141

-0.537109 -1.14295
-0.537613 -1.14258

-0.546875 -1.13559
-0.537601 -1.14258

-0.537109 -1.14295
-0.527344 -1.15033

-0.517578 -1.15776
-0.524708 -1.15234

-0.507812 -1.16522
-0.511961 -1.16211

-0.517578 -1.15774
-0.511835 -1.16211

-0.527344 -1.15033
-0.524651 -1.15234

-0.507812 -1.16521
-0.499127 -1.17188

-0.615234 -1.08451
-0.615949 -1.08398

-0.625 -1.0772
-0.615938 -1.08398

-0.615234 -1.08451
-0.605469 -1.09181

-0.605469 -1.09182
-0.602839 -1.09375

-0.439453 -1.21863
-0.449064 -1.21094

-0.429688 -1.22653
-0.436901 -1.2207

-0.439453 -1.21861
-0.436834 -1.2207

-0.458984 -1.20312
-0.46149 -1.20117

-0.46875 -1.19539
-0.461393 -1.20117

-0.458984 -1.20308
-0.449219 -1.21082

-0.449219 -1.21081
-0.449054 -1.21094

-0.419922 -1.23448
-0.424926 -1.23047

-0.410156 -1.24257
-0.413014 -1.24023

-0.419922 -1.23447
-0.412906 -1.24023

-0.429688 -1.22654
-0.42477 -1.23047

-0.410156 -1.24252
-0.401137 -1.25

-1.24215 0
-1.24207 0.00976562

-1.24207 0.00976562
-1.24192 0.0195312

-1.24192 0.0195312
-1.24169 0.0292969

-1.24169 0.0292969
-1.24139 0.0390625

-1.24139 0.0390625
-1.24101 0.0488281

-1.24101 0.0488281
-1.24056 0.0585938

-1.24056 0.0585938
-1.24023 0.0646278

-1.24023 0.0646162
-1.24003 0.0683594

-1.24003 0.0683594
-1.23943 0.078125

-1.23943 0.078125
-1.23875 0.0878906

-1.23875 0.0878906
-1.23799 0.0976562

-1.23799 0.0976562
-1.23717 0.107422

-1.23717 0.107422
-1.23626 0.117188

-1.23626 0.117188
-1.23528 0.126953

-1.23528 0.126953
-1.23423 0.136719

-1.23423 0.136719
-1.2331 0.146484

-1.2331 0.146484
-1.2319 0.15625

-1.2319 0.15625
-1.23061 0.166016

-1.23061 0.166016
-1.23047 0.167062

-1.23047 0.167061
-1.22925 0.175781

-1.22925 0.175781
-1.22781 0.185547

-1.22781 0.185547
-1.22629 0.195312

-1.22629 0.195312
-1.22468 0.205078

-1.22468 0.205078
-1.223 0.214844

-1.223 0.214844
-1.22124 0.224609

-1.22124 0.224609
-1.2207 0.227441

-1.2207 0.227447
-1.2194 0.234375

-1.21939 0.234375
-1.21747 0.244141

-1.21747 0.244141
-1.21546 0.253906

-1.21546 0.253906
-1.21338 0.263672

-1.21338 0.263672
-1.21121 0.273438

-1.21121 0.273438
-1.21094 0.274613

-1.21094 0.274616
-1.20896 0.283203

-1.20896 0.283203
-1.20662 0.292969

-1.20662 0.292969
-1.20421 0.302734

-1.20421 0.302734
-1.20171 0.3125

-1.20171 0.3125
-1.20117 0.31452

-1.20117 0.314522
-1.19912 0.322266

-1.19912 0.322266
-1.19646 0.332031

-1.19646 0.332031
-1.19371 0.341797

-1.19371 0.341797
-1.19141 0.349733

-1.19141 0.349739
-1.19088 0.351562

-1.19088 0.351562
-1.18796 0.361328

-1.18796 0.361328
-1.18495 0.371094

-1.18495 0.371094
-1.18186 0.380859

-1.18186 0.380859
-1.18164 0.381523

-1.18164 0.381524
-1.17868 0.390625

-1.17868 0.390625
-1.17541 0.400391

-1.17541 0.400391
-1.17205 0.410156

-1.17205 0.410156
-1.17188 0.410652

-1.17188 0.410653
-1.1686 0.419922

-1.1686 0.419922
-1.16507 0.429688

-1.16507 0.429688
-1.16211 0.437651

-1.16211 0.437657
-1.16144 0.439453

-1.16144 0.439453
-1.15772 0.449219

-1.15772 0.449219
-1.15391 0.458984

-1.15391 0.458984
-1.15234 0.462904

-1.15234 0.462921
-1.15001 0.46875

-1.15001 0.46875
-1.14601 0.478516

-1.14601 0.478516
-1.14258 0.486716

-1.14258 0.486724
-1.14193 0.488281

-1.14192 0.488281
-1.13773 0.498047

-1.13773 0.498047
-1.13345 0.507812

-1.13345 0.507812
-1.13281 0.509229

-1.13281 0.509236
-1.12907 0.517578

-1.12907 0.517578
-1.12459 0.527344

-1.12458 0.527344
-1.12305 0.530616

-1.12305 0.530631
-1.12001 0.537109

-1.12 0.537109
-1.11532 0.546875

-1.11532 0.546875
-1.11328 0.551029

-1.11328 0.55105
-1.11054 0.556641

-1.11054 0.556641
-1.10565 0.566406

-1.10564 0.566406
-1.10352 0.570561

-1.10352 0.570583
-1.10066 0.576172

-1.10065 0.576172
-1.09555 0.585938

-1.09554 0.585938
-1.09375 0.589297

-1.09375 0.589317
-1.09034 0.595703

-1.09034 0.595703
-1.08502 0.605469

-1.08501 0.605469
-1.08398 0.607319

-1.08398 0.607329
-1.07959 0.615234

-1.07959 0.615234
-1.07422 0.624685

-1.07422 0.624684
-1.07404 0.625

-1.07404 0.625
-1.06838 0.634766

-1.06837 0.634766
-1.06445 0.641393

-1.06445 0.641419
-1.06261 0.644531

-1.0626 0.644531
-1.0567 0.654297

-1.05668 0.654297
-1.05469 0.657534

-1.05469 0.657567
-1.05072 0.664062

-1.05069 0.664062
-1.04492 0.673237

-1.04492 0.673237
-1.04456 0.673828

-1.04455 0.673828
-1.03829 0.683594

-1.03828 0.683594
-1.03516 0.688366

-1.03516 0.688394
-1.03191 0.693359

-1.0319 0.693359
-1.02539 0.70311

-1.02538 0.703125
-1.01873 0.712891

-1.01872 0.712891
-1.01562 0.717361

-1.01562 0.717378
-1.01196 0.722656

-1.01195 0.722656
-1.00586 0.731251

-1.00586 0.731262
-1.00505 0.732422

-1.00503 0.732422
-0.997973 0.742188

-0.997964 0.742188
-0.996094 0.74478

-0.996094 0.744731
-0.99077 0.751953

-0.990746 0.751953
-0.986328 0.757839

-0.986328 0.757885
-0.983493 0.761719

-0.983432 0.761719
-0.976562 0.770672

-0.976562 0.770625
-0.968337 0.78125

-0.968261 0.78125
-0.966797 0.783095

-0.966797 0.783077
-0.960411 0.791016

-0.960381 0.791016
-0.957031 0.795173

-0.957031 0.795115
-0.952422 0.800781

-0.952366 0.800781
-0.947266 0.80693

-0.947266 0.806926
-0.944251 0.810547

-0.944219 0.810547
-0.9375 0.818412

-0.9375 0.81843
-0.935885 0.820312

-0.935878 0.820312
-0.927734 0.82965

-0.927734 0.829654
-0.927361 0.830078

-0.927362 0.830078
-0.91867 0.839844

-0.918666 0.839844
-0.917969 0.840618

-0.917969 0.840618
-0.909802 0.849609

-0.909789 0.849609
-0.908203 0.851335

-0.908203 0.851329
-0.900755 0.859375

-0.900718 0.859375
-0.898438 0.861802

-0.898438 0.861799
-0.891541 0.869141

-0.891481 0.869141
-0.888672 0.872072

-0.888672 0.872073
-0.882082 0.878906

-0.88205 0.878906
-0.878906 0.882117

-0.878906 0.882121
-0.872428 0.888672

-0.87242 0.888672
-0.869141 0.891949

-0.869141 0.891954
-0.862568 0.898438

-0.862585 0.898438
-0.859375 0.901578

-0.859375 0.901583
-0.852493 0.908203

-0.852539 0.908203
-0.849609 0.911005

-0.849609 0.911019
-0.842201 0.917969

-0.842255 0.917969
-0.839844 0.920227

-0.839844 0.920228
-0.831725 0.927734

-0.831738 0.927734
-0.830078 0.929256

-0.830078 0.929261
-0.820994 0.9375

-0.820998 0.9375
-0.820312 0.938116

-0.820312 0.938117
-0.810547 0.946795

-0.810547 0.946792
-0.810007 0.947266

-0.810005 0.947266
-0.800781 0.955296

-0.800781 0.955289
-0.798744 0.957031

-0.798751 0.957031
-0.791016 0.963624

-0.791016 0.963632
-0.787205 0.966797

-0.787255 0.966797
-0.78125 0.97176

-0.78125 0.971808
-0.775394 0.976562

-0.775448 0.976562
-0.771484 0.979752

-0.771484 0.979786
-0.763339 0.986328

-0.76334 0.986328
-0.761719 0.987613

-0.761719 0.987626
-0.751953 0.995313

-0.751953 0.995306
-0.750933 0.996094

-0.750942 0.996094
-0.742188 1.00285

-0.742188 1.00289
-0.725174 1.01562

-0.72516 1.01562
-0.722656 1.01744

-0.722656 1.01746
-0.712891 1.02455

-0.712891 1.02455
-0.711699 1.02539

-0.711714 1.02539
-0.703125 1.03151

-0.703125 1.0315
-0.697889 1.03516

-0.697904 1.03516
-0.693359 1.03832

-0.693359 1.03832
-0.683711 1.04492

-0.683707 1.04492
-0.683594 1.045

-0.683594 1.045
-0.673828 1.05155

-0.673828 1.05155
-0.669058 1.05469

-0.669072 1.05469
-0.664062 1.05798

-0.664062 1.05798
-0.654297 1.06428

-0.654297 1.06428
-0.654018 1.06445

-0.654019 1.06445
-0.644531 1.07045

-0.644531 1.07045
-0.638451 1.07422

-0.638453 1.07422
-0.634766 1.0765

-0.634766 1.0765
-0.625 1.08243

-0.625 1.08246
-0.605855 1.09375

-0.605808 1.09375
-0.605469 1.09394

-0.605469 1.09395
-0.595703 1.09953

-0.595703 1.09953
-0.588601 1.10352

-0.588604 1.10352
-0.585938 1.10501

-0.585938 1.10501
-0.576172 1.11037

-0.576172 1.11037
-0.570767 1.11328

-0.570776 1.11328
-0.566406 1.11563

-0.566406 1.11563
-0.556641 1.12078

-0.556641 1.12078
-0.552246 1.12305

-0.552271 1.12305
-0.546875 1.12584

-0.546875 1.12585
-0.532991 1.13281

-0.53302 1.13281
-0.527344 1.13563

-0.527344 1.13562
-0.517578 1.14036

-0.517578 1.14036
-0.512914 1.14258

-0.512917 1.14258
-0.507812 1.145

-0.507812 1.145
-0.498047 1.14955

-0.498047 1.14955
-0.491905 1.15234

-0.491911 1.15234
-0.488281 1.154

-0.488281 1.15399
-0.478516 1.15835

-0.478516 1.15835
-0.469882 1.16211

-0.469881 1.16211
-0.46875 1.1626

-0.46875 1.1626
-0.458984 1.16677

-0.458984 1.16677
-0.449219 1.17083

-0.449219 1.17083
-0.446663 1.17188

-0.446659 1.17188
-0.439453 1.17481

-0.439453 1.17481
-0.429688 1.17869

-0.429688 1.17869
-0.422093 1.18164

-0.422086 1.18164
-0.419922 1.18248

-0.419922 1.18248
-0.410156 1.18618

-0.410156 1.18618
-0.400391 1.1898

-0.400391 1.1898
-0.395928 1.19141

-0.395923 1.19141
-0.390625 1.19332

-0.390625 1.19332
-0.380859 1.19675

-0.380859 1.19675
-0.371094 1.2001

-0.371094 1.20011
-0.367903 1.20117

-0.367898 1.20117
-0.361328 1.20337

-0.361328 1.20337
-0.351562 1.20655

-0.351562 1.20657
-0.337591 1.21094

-0.337614 1.21094
-0.332031 1.21266

-0.332031 1.21265
-0.322266 1.21558

-0.322266 1.21558
-0.3125 1.21842

-0.3125 1.21842
-0.304431 1.2207

-0.304423 1.2207
-0.302734 1.22118

-0.302734 1.22118
-0.292969 1.22386

-0.292969 1.22386
-0.283203 1.22646

-0.283203 1.22646
-0.273438 1.22898

-0.273438 1.22898
-0.267478 1.23047

-0.267468 1.23047
-0.263672 1.23142

-0.263672 1.23142
-0.253906 1.23378

-0.253906 1.23378
-0.244141 1.23606

-0.244141 1.23606
-0.234375 1.23827

-0.234375 1.23827
-0.225367 1.24023

-0.225363 1.24023
-0.224609 1.2404

-0.224609 1.2404
-0.214844 1.24246

-0.214844 1.24246
-0.205078 1.24444

-0.205078 1.24444
-0.195312 1.24635

-0.195312 1.24635
-0.185547 1.24818

-0.185547 1.24818
-0.175781 1.24994

-0.175781 1.24994
-0.175442 1.25

-0.175433 1.25
-0.166016 1.25162

-0.166016 1.25162
-0.15625 1.25323

-0.15625 1.25323
-0.146484 1.25476

-0.146484 1.25476
-0.136719 1.25622

-0.136719 1.25622
-0.126953 1.2576

-0.126953 1.2576
-0.117188 1.25891

-0.117188 1.25891
-0.110439 1.25977

-0.110421 1.25977
-0.107422 1.26015

-0.107422 1.26015
-0.0976562 1.26131

-0.0976562 1.26131
-0.0878906 1.2624

-0.0878906 1.2624
-0.078125 1.26342

-0.078125 1.26342
-0.0683594 1.26437

-0.0683594 1.26437
-0.0585938 1.26524

-0.0585938 1.26524
-0.0488281 1.26604

-0.0488281 1.26604
-0.0390625 1.26677

-0.0390625 1.26677
-0.0292969 1.26743

-0.0292969 1.26743
-0.0195312 1.26802

-0.0195312 1.26802
-0.00976562 1.26853

-0.00976562 1.26853
0 1.26897

0.0585938 -1.64063
0.0683594 -1.64756

0.078125 -1.65442
0.072373 -1.65039

0.0683594 -1.64754
0.0724487 -1.65039

0.00976562 -1.60459
0.00573125 -1.60156

0.0195312 -1.61197
0.0186726 -1.61133

0.00976562 -1.60455
0.0187024 -1.61133

0.0390625 -1.62649
0.0317548 -1.62109

0.0195312 -1.61196
0.0292969 -1.61927

0.0292969 -1.61926
0.0318213 -1.62109

0 -1.59702
0.0059319 -1.60156

0.0488281 -1.63362
0.0449798 -1.63086

0.0390625 -1.62646
0.0450913 -1.63086

0.0488281 -1.63361
0.0585849 -1.64062

0.117188 -1.68072
0.115576 -1.67969

0.0878906 -1.66113
0.0864412 -1.66016

0.0878906 -1.66113
0.0976562 -1.66776

0.078125 -1.6544
0.0864819 -1.66016

0.107422 -1.67428
0.100903 -1.66992

0.0976562 -1.66778
0.100879 -1.66992

0.107422 -1.67428
0.115647 -1.67969

0.117188 -1.68071
0.126953 -1.68702

0.136719 -1.69326
0.130731 -1.68945

0.126953 -1.68698
0.130842 -1.68945

0.146484 -1.69935
0.146268 -1.69922

0.146484 -1.69935
0.15625 -1.70536

0.136719 -1.69324
0.14628 -1.69922

0.195312 -1.72839
0.178627 -1.71875

0.214844 -1.7392
0.213175 -1.73828

0.205078 -1.73384
0.195588 -1.72852

0.195312 -1.72839
0.195537 -1.72852

0.205078 -1.73384
0.213153 -1.73828

0.214844 -1.73921
0.224609 -1.74447

0.234375 -1.74963
0.231376 -1.74805

0.224609 -1.74447
0.231376 -1.74805

0.253906 -1.75965
0.250278 -1.75781

0.253906 -1.75963
0.263672 -1.76448

0.273438 -1.76923
0.27003 -1.76758

0.263672 -1.76447
0.270072 -1.76758

0.234375 -1.74963
0.244141 -1.75468

0.244141 -1.75467
0.250338 -1.75781

0.292969 -1.77838
0.29073 -1.77734

0.273438 -1.76922
0.283203 -1.77386

0.283203 -1.77386
0.290696 -1.77734

0.292969 -1.7784
0.302734 -1.78283

0.3125 -1.78716
0.312384 -1.78711

0.302734 -1.78283
0.312383 -1.78711

0.166016 -1.71128
0.162225 -1.70898

0.15625 -1.70535
0.162263 -1.70898

0.166016 -1.71126
0.175781 -1.71707

0.175781 -1.71706
0.178683 -1.71875

0.351562 -1.8035
0.335293 -1.79688

0.361328 -1.80729
0.359661 -1.80664

0.351562 -1.80347
0.359667 -1.80664

0.361328 -1.80729
0.371094 -1.81101

0.390625 -1.81816
0.38577 -1.81641

0.371094 -1.81101
0.380859 -1.81463

0.380859 -1.81463
0.385767 -1.81641

0.3125 -1.78716
0.322266 -1.79139

0.322266 -1.79139
0.332031 -1.79552

0.332031 -1.79552
0.335307 -1.79688

0.390625 -1.81816
0.400391 -1.82159

0.400391 -1.82159
0.410156 -1.82491

0.419922 -1.82813
0.41399 -1.82617

0.410156 -1.82493
0.41392 -1.82617

0.419922 -1.82814
0.429688 -1.83127

0.449219 -1.83724
0.444871 -1.83594

0.449219 -1.83724
0.458984 -1.84008

0.458984 -1.84008
0.46875 -1.84283

0.429688 -1.83127
0.439453 -1.83431

0.439453 -1.83431
0.444877 -1.83594

0.46875 -1.84283
0.478516 -1.84548

0.488281 -1.84803
0.479386 -1.8457

0.478516 -1.84547
0.479411 -1.8457

0.488281 -1.84803
0.498047 -1.85048

0.498047 -1.85048
0.507812 -1.85284

0.527344 -1.85728
0.519213 -1.85547

0.507812 -1.85284
0.517578 -1.85511

0.517578 -1.85513
0.519104 -1.85547

0.527344 -1.85728
0.537109 -1.85935

0.537109 -1.85935
0.546875 -1.86133

0.546875 -1.86133
0.556641 -1.86321

0.556641 -1.86321
0.566406 -1.86499

0.576172 -1.86668
0.567826 -1.86523

0.566406 -1.86501
0.567702 -1.86523

0.576172 -1.86668
0.585938 -1.86827

0.585938 -1.86827
0.595703 -1.86976

0.595703 -1.86976
0.605469 -1.87116

0.605469 -1.87116
0.615234 -1.87246

0.615234 -1.87246
0.625 -1.87367

0.644531 -1.8758
0.636887 -1.875

0.644531 -1.8758
0.654297 -1.87672

0.654297 -1.87672
0.664062 -1.87755

0.664062 -1.87755
0.673828 -1.87828

0.673828 -1.87828
0.683594 -1.87892

0.683594 -1.87892
0.693359 -1.87946

0.693359 -1.87946
0.703125 -1.87991

0.703125 -1.87991
0.712891 -1.88027

0.712891 -1.88027
0.722656 -1.88053

0.722656 -1.88053
0.732422 -1.88069

0.732422 -1.88069
0.742188 -1.88076

0.742188 -1.88076
0.751953 -1.88073

0.751953 -1.88073
0.761719 -1.88061

0.761719 -1.88061
0.771484 -1.88039

0.771484 -1.88039
0.78125 -1.88007

0.78125 -1.88007
0.791016 -1.87966

0.791016 -1.87966
0.800781 -1.87915

0.800781 -1.87915
0.810547 -1.87855

0.810547 -1.87855
0.820312 -1.87784

0.820312 -1.87784
0.830078 -1.87704

0.830078 -1.87704
0.839844 -1.87614

0.839844 -1.87614
0.849609 -1.87514

0.849609 -1.87513
0.850745 -1.875

0.625 -1.87367
0.634766 -1.87478

0.634766 -1.87478
0.636851 -1.875

0.850692 -1.875
0.859375 -1.87407

0.859375 -1.87404
0.869141 -1.87284

0.869141 -1.87284
0.878906 -1.87154

0.878906 -1.87155
0.888672 -1.87014

0.888672 -1.87014
0.898438 -1.86864

0.898438 -1.86864
0.908203 -1.86704

0.908203 -1.86704
0.917969 -1.86533

0.917969 -1.86533
0.918475 -1.86523

0.918478 -1.86523
0.927734 -1.86352

0.927734 -1.86352
0.9375 -1.8616

0.9375 -1.8616
0.947266 -1.85959

0.947266 -1.85959
0.957031 -1.85746

0.957031 -1.85746
0.965782 -1.85547

0.965698 -1.85547
0.966797 -1.85522

0.966797 -1.85524
0.976562 -1.8529

0.976562 -1.8529
0.986328 -1.85046

0.986328 -1.85046
0.996094 -1.84792

0.996094 -1.84792
1.00424 -1.8457

1.00423 -1.8457
1.00586 -1.84526

1.00586 -1.84526
1.01562 -1.8425

1.01562 -1.8425
1.02539 -1.83962

1.02539 -1.83962
1.03516 -1.83664

1.03516 -1.83664
1.03735 -1.83594

1.03736 -1.83594
1.04492 -1.83354

1.04492 -1.83354
1.05469 -1.83033

1.05469 -1.83033
1.06445 -1.827

1.06445 -1.82699
1.06678 -1.82617

1.0668 -1.82617
1.07422 -1.82356

1.07422 -1.82356
1.08398 -1.81999

1.08398 -1.82
1.09351 -1.81641

1.09349 -1.81641
1.09375 -1.81631

1.09375 -1.81632
1.10352 -1.81252

1.10352 -1.81252
1.11328 -1.8086

1.11328 -1.80859
1.11798 -1.80664

1.11802 -1.80664
1.12305 -1.80456

1.12305 -1.80455
1.13281 -1.80038

1.13281 -1.80041
1.14072 -1.79688

1.1408 -1.79688
1.14258 -1.79609

1.14258 -1.79609
1.15234 -1.79166

1.15234 -1.79166
1.16211 -1.78711

1.16211 -1.78711
1.17188 -1.78243

1.17188 -1.78243
1.18164 -1.77761

1.18164 -1.77761
1.18216 -1.77734

1.18216 -1.77734
1.19141 -1.77265

1.19141 -1.77265
1.20114 -1.76758

1.20115 -1.76758
1.20117 -1.76757

1.20117 -1.76756
1.21094 -1.76233

1.21094 -1.76236
1.21908 -1.75781

1.21916 -1.75781
1.2207 -1.75696

1.2207 -1.75695
1.23047 -1.75143

1.23047 -1.75141
1.23627 -1.74805

1.23634 -1.74805
1.24023 -1.74578

1.24023 -1.74576
1.25 -1.73994

1.25 -1.73993
1.2527 -1.73828

1.25272 -1.73828
1.25977 -1.73397

1.25977 -1.73396
1.26844 -1.72852

1.26851 -1.72852
1.26953 -1.72789

1.26953 -1.72784
1.2793 -1.72155

1.2793 -1.72151
1.28348 -1.71875

1.28352 -1.71875
1.28906 -1.71515

1.28906 -1.71509
1.29808 -1.70898

1.29813 -1.70898
1.29883 -1.70852

1.29883 -1.70848
1.30859 -1.70169

1.30859 -1.70166
1.31208 -1.69922

1.31207 -1.69922
1.31836 -1.69474

1.31836 -1.69472
1.32557 -1.68945

1.3256 -1.68945
1.32812 -1.68763

1.32812 -1.68761
1.33864 -1.67969

1.33866 -1.67969
1.34766 -1.67277

1.34766 -1.67285
1.35141 -1.66992

1.35119 -1.66992
1.35742 -1.66501

1.35742 -1.66487
1.36329 -1.66016

1.36387 -1.66016
1.36719 -1.65752

1.36719 -1.65719
1.37538 -1.65039

1.37534 -1.65039
1.37695 -1.64904

1.37695 -1.64908
1.38672 -1.64078

1.38672 -1.64078
1.3869 -1.64062

1.3869 -1.64062
1.39648 -1.63227

1.39648 -1.63227
1.39808 -1.63086

1.39806 -1.63086
1.40625 -1.62354

1.40625 -1.62353
1.40893 -1.62109

1.40889 -1.62109
1.41602 -1.6146

1.41602 -1.61455
1.41948 -1.61133

1.41946 -1.61133
1.42578 -1.6054

1.42578 -1.60537
1.42976 -1.60156

1.42974 -1.60156
1.43555 -1.59594

1.43555 -1.59595
1.43977 -1.5918

1.43974 -1.5918
1.44531 -1.58624

1.44531 -1.58627
1.44951 -1.58203

1.44948 -1.58203
1.45508 -1.57628

1.45508 -1.57633
1.45899 -1.57227

1.45898 -1.57227
1.46484 -1.56605

1.46484 -1.56612
1.46824 -1.5625

1.46825 -1.5625
1.47461 -1.55555

1.47461 -1.55562
1.47724 -1.55273

1.47724 -1.55273
1.48438 -1.54481

1.48438 -1.54482
1.48603 -1.54297

1.48603 -1.54297
1.49414 -1.53374

1.49414 -1.53373
1.4946 -1.5332

1.49461 -1.5332
1.50298 -1.52344

1.50337 -1.52344
1.50391 -1.5228

1.50391 -1.52228
1.51111 -1.51367

1.51098 -1.51367
1.51367 -1.51038

1.51367 -1.51069
1.51921 -1.50391

1.51917 -1.50391
1.52344 -1.49851

1.52344 -1.49851
1.53458 -1.48438

1.53454 -1.48438
1.54197 -1.47461

1.54193 -1.47461
1.54297 -1.4732

1.54297 -1.47327
1.54924 -1.46484

1.5492 -1.46484
1.55273 -1.45997

1.55273 -1.46008
1.55635 -1.45508

1.55633 -1.45508
1.5625 -1.44639

1.5625 -1.44642
1.56327 -1.44531

1.56327 -1.44531
1.57005 -1.43555

1.56999 -1.43555
1.57227 -1.43218

1.57227 -1.43233
1.57671 -1.42578

1.57668 -1.42578
1.58203 -1.41772

1.58203 -1.41776
1.58315 -1.41602

1.58316 -1.41602
1.5895 -1.40625

1.58946 -1.40625
1.5918 -1.40257

1.5918 -1.40268
1.59573 -1.39648

1.5957 -1.39648
1.60156 -1.38704

1.60156 -1.38705
1.60176 -1.38672

1.60176 -1.38672
1.60769 -1.37695

1.60768 -1.37695
1.61133 -1.37081

1.61133 -1.37086
1.61351 -1.36719

1.61349 -1.36719
1.61916 -1.35742

1.61913 -1.35742
1.62109 -1.35397

1.62109 -1.35403
1.62471 -1.34766

1.6247 -1.34766
1.63012 -1.33789

1.63005 -1.33789
1.63086 -1.3364

1.63086 -1.33655
1.63543 -1.32812

1.63542 -1.32812
1.6406 -1.31836

1.64055 -1.31836
1.64062 -1.31822

1.64062 -1.31831
1.64567 -1.30859

1.64566 -1.30859
1.65039 -1.29927

1.65039 -1.29928
1.65062 -1.29883

1.65062 -1.29883
1.65546 -1.28906

1.65546 -1.28906
1.66016 -1.27937

1.66016 -1.27937
1.66019 -1.2793

1.66019 -1.2793
1.66481 -1.26953

1.66481 -1.26953
1.66933 -1.25977

1.66926 -1.25977
1.66992 -1.2583

1.66992 -1.25849
1.67376 -1.25

1.67375 -1.25
1.67806 -1.24023

1.67803 -1.24023
1.67969 -1.23639

1.67969 -1.23651
1.6823 -1.23047

1.68227 -1.23047
1.68639 -1.2207

1.68638 -1.2207
1.68945 -1.21325

1.68945 -1.2133
1.69043 -1.21094

1.69041 -1.21094
1.69433 -1.20117

1.69433 -1.20117
1.69816 -1.19141

1.69814 -1.19141
1.69922 -1.18859

1.69922 -1.18866
1.7019 -1.18164

1.7019 -1.18164
1.70554 -1.17188

1.70554 -1.17188
1.70898 -1.16241

1.70898 -1.16242
1.7091 -1.16211

1.70909 -1.16211
1.71256 -1.15234

1.71256 -1.15234
1.71594 -1.14258

1.71593 -1.14258
1.71875 -1.13422

1.71875 -1.13425
1.71924 -1.13281

1.71923 -1.13281
1.72243 -1.12305

1.72243 -1.12305
1.72555 -1.11328

1.72555 -1.11328
1.72852 -1.10375

1.72846 -1.10352
1.72852 -1.10334

1.72852 -1.10376
1.72859 -1.10352

1.72859 -1.10352
1.73155 -1.09375

1.73154 -1.09375
1.73442 -1.08398

1.73442 -1.08398
1.73721 -1.07422

1.73719 -1.07422
1.73828 -1.0703

1.73828 -1.07043
1.73994 -1.06445

1.73993 -1.06445
1.74256 -1.05469

1.74256 -1.05469
1.74512 -1.04492

1.74512 -1.04492
1.7476 -1.03516

1.74754 -1.03516
1.74805 -1.03309

1.74805 -1.0334
1.75002 -1.02539

1.75 -1.02539
1.75233 -1.01562

1.75233 -1.01562
1.75458 -1.00586

1.75458 -1.00586
1.75676 -0.996094

1.75677 -0.996094
1.75781 -0.991259

1.75781 -0.991273
1.76093 -0.976562

1.7609 -0.976562
1.76285 -0.966797

1.76285 -0.966797
1.76473 -0.957031

1.76473 -0.957031
1.76654 -0.947266

1.76653 -0.947266
1.76758 -0.941397

1.76758 -0.941514
1.76829 -0.9375

1.76828 -0.9375
1.76995 -0.927734

1.76995 -0.927734
1.77155 -0.917969

1.77155 -0.917969
1.77308 -0.908203

1.77308 -0.908203
1.77454 -0.898438

1.77454 -0.898438
1.77594 -0.888672

1.77594 -0.888672
1.77726 -0.878906

1.77726 -0.878906
1.77734 -0.878277

1.77734 -0.878299
1.77853 -0.869141

1.77853 -0.869141
1.77972 -0.859375

1.77972 -0.859375
1.78084 -0.849609

1.78084 -0.849609
1.7819 -0.839844

1.7819 -0.839844
1.7829 -0.830078

1.7829 -0.830078
1.78383 -0.820312

1.78383 -0.820312
1.78469 -0.810547

1.78469 -0.810547
1.7855 -0.800781

1.7855 -0.800781
1.78624 -0.791016

1.78624 -0.791016
1.78691 -0.78125

1.78691 -0.78125
1.78711 -0.778025

1.78711 -0.778175
1.78753 -0.771484

1.78753 -0.771484
1.78808 -0.761719

1.78808 -0.761719
1.78858 -0.751953

1.78858 -0.751953
1.78901 -0.742188

1.78901 -0.742188
1.78938 -0.732422

1.78938 -0.732422
1.7897 -0.722656

1.7897 -0.722656
1.78996 -0.712891

1.78996 -0.712891
1.79015 -0.703125

1.79015 -0.703125
1.79029 -0.693359

1.79029 -0.693359
1.79038 -0.683594

1.79038 -0.683594
1.7904 -0.673828

1.7904 -0.673828
1.79037 -0.664062

1.79037 -0.664062
1.79029 -0.654297

1.79029 -0.654297
1.79015 -0.644531

1.79015 -0.644531
1.78995 -0.634766

1.78995 -0.634766
1.7897 -0.625

1.7897 -0.625
1.7894 -0.615234

1.7894 -0.615234
1.78904 -0.605469

1.78904 -0.605469
1.78863 -0.595703

1.78863 -0.595703
1.78816 -0.585938

1.78711 -0.566467
1.78711 -0.566406

1.78816 -0.585938
1.78765 -0.576172

1.78711 -0.566874
1.78765 -0.576172

1.78708 -0.566406
1.78646 -0.556641

1.78646 -0.556641
1.78579 -0.546875

1.78579 -0.546875
1.78507 -0.537109

1.78507 -0.537109
1.7843 -0.527344

1.7843 -0.527344
1.78348 -0.517578

1.78348 -0.517578
1.78261 -0.507812

1.78261 -0.507812
1.78169 -0.498047

1.78169 -0.498047
1.78071 -0.488281

1.78071 -0.488281
1.77969 -0.478516

1.77969 -0.478516
1.77862 -0.46875

1.77734 -0.457755
1.77631 -0.449219

1.77631 -0.449219
1.77507 -0.439453

1.77507 -0.439453
1.77378 -0.429688

1.77862 -0.46875
1.77749 -0.458984

1.77734 -0.457897
1.77748 -0.458984

1.77378 -0.429688
1.77243 -0.419922

1.77243 -0.419922
1.77103 -0.410156

1.77103 -0.410156
1.76957 -0.400391

1.76957 -0.400391
1.76806 -0.390625

1.75781 -0.331655
1.75601 -0.322266

1.756 -0.322266
1.75407 -0.3125

1.76758 -0.38753
1.76651 -0.380859

1.7665 -0.380859
1.76488 -0.371094

1.76758 -0.387781
1.76803 -0.390625

1.76488 -0.371094
1.76321 -0.361328

1.76321 -0.361328
1.76149 -0.351562

1.76149 -0.351562
1.75971 -0.341797

1.75971 -0.341797
1.75788 -0.332031

1.75781 -0.331689
1.75788 -0.332031

1.71875 -0.164919
1.71634 -0.15625

1.71633 -0.15625
1.71354 -0.146484

1.71354 -0.146484
1.71069 -0.136719

1.70898 -0.130875
1.70782 -0.126953

1.7078 -0.126953
1.70486 -0.117188

1.70898 -0.130985
1.71068 -0.136719

1.69922 -0.0988286
1.69885 -0.0976562

1.69883 -0.0976562
1.69573 -0.0878906

1.69573 -0.0878906
1.69257 -0.078125

1.70486 -0.117188
1.70187 -0.107422

1.69922 -0.0989283
1.70187 -0.107422

1.67969 -0.0397633
1.67945 -0.0390625

1.67944 -0.0390625
1.67602 -0.0292969

1.67602 -0.0292969
1.67256 -0.0195312

1.66992 -0.0121623
1.66906 -0.00976562

1.66904 -0.00976562
1.66547 0

1.66992 -0.0122295
1.67255 -0.0195312

1.68945 -0.0686038
1.68937 -0.0683594

1.68937 -0.0683594
1.68611 -0.0585938

1.68945 -0.0686201
1.69257 -0.078125

1.68611 -0.0585938
1.6828 -0.0488281

1.67969 -0.0397932
1.6828 -0.0488281

1.75407 -0.3125
1.75209 -0.302734

1.75209 -0.302734
1.75006 -0.292969

1.74805 -0.283525
1.74798 -0.283203

1.74797 -0.283203
1.74584 -0.273438

1.74805 -0.283547
1.75006 -0.292969

1.73828 -0.240423
1.73684 -0.234375

1.74584 -0.273438
1.74366 -0.263672

1.74366 -0.263672
1.74143 -0.253906

1.74143 -0.253906
1.73915 -0.244141

1.73828 -0.240603
1.73913 -0.244141

1.73682 -0.234375
1.73444 -0.224609

1.73444 -0.224609
1.73201 -0.214844

1.72852 -0.201129
1.727 -0.195312

1.73201 -0.214844
1.72952 -0.205078

1.72852 -0.201338
1.72949 -0.205078

1.72698 -0.195312
1.7244 -0.185547

1.7244 -0.185547
1.72176 -0.175781

1.72176 -0.175781
1.71907 -0.166016

1.71875 -0.16494
1.71905 -0.166016

0.292969 1.24971
0.291233 1.25

0.292969 1.24971
0.302734 1.24801

0.302734 1.24801
0.3125 1.24625

0.3125 1.24625
0.322266 1.24442

0.322266 1.24442
0.332031 1.24253

0.332031 1.24253
0.341797 1.24057

0.351562 1.23855
0.343435 1.24023

0.341797 1.24058
0.343444 1.24023

0.351562 1.23855
0.361328 1.23646

0.361328 1.23646
0.371094 1.2343

0.390625 1.22976
0.387643 1.23047

0.371094 1.2343
0.380859 1.23207

0.380859 1.23207
0.387625 1.23047

0.390625 1.22976
0.400391 1.22738

0.400391 1.22738
0.410156 1.22493

0.410156 1.22493
0.419922 1.22241

0.429688 1.21982
0.42635 1.2207

0.419922 1.22241
0.426348 1.2207

0.46875 1.20875
0.461231 1.21094

0.429688 1.21982
0.439453 1.21715

0.439453 1.21715
0.449219 1.21442

0.449219 1.21442
0.458984 1.21161

0.458984 1.2116
0.461227 1.21094

0.46875 1.20873
0.478516 1.20578

0.478516 1.20578
0.488281 1.20276

0.498047 1.19966
0.493292 1.20117

0.488281 1.20276
0.493289 1.20117

0.498047 1.19966
0.507812 1.19649

0.527344 1.18993
0.523016 1.19141

0.507812 1.1965
0.517578 1.19325

0.517578 1.19325
0.522992 1.19141

0.527344 1.18993
0.537109 1.18653

0.537109 1.18653
0.546875 1.18306

0.585938 1.16846
0.576988 1.17188

0.585938 1.16844
0.595703 1.1646

0.605469 1.16069
0.601918 1.16211

0.595703 1.1646
0.60191 1.16211

0.605469 1.16068
0.615234 1.15669

0.615234 1.15669
0.625 1.15262

0.556641 1.17952
0.550789 1.18164

0.546875 1.18306
0.550784 1.18164

0.556641 1.17952
0.566406 1.1759

0.566406 1.1759
0.576172 1.1722

0.576172 1.17219
0.576986 1.17188

0.751953 1.09241
0.749409 1.09375

0.751953 1.0924
0.761719 1.08719

0.771484 1.0819
0.767642 1.08398

0.761719 1.08719
0.767618 1.08398

0.771484 1.08189
0.78125 1.07651

0.634766 1.14848
0.625659 1.15234

0.634766 1.14848
0.644531 1.14425

0.625 1.15262
0.625655 1.15234

0.654297 1.13995
0.648326 1.14258

0.644531 1.14424
0.648308 1.14258

0.654297 1.13994
0.664062 1.13556

0.673828 1.1311
0.670082 1.13281

0.673828 1.13109
0.683594 1.12654

0.693359 1.12192
0.690977 1.12305

0.683594 1.12654
0.690966 1.12305

0.693359 1.12191
0.703125 1.1172

0.664062 1.13556
0.670024 1.13281

0.712891 1.11242
0.711135 1.11328

0.712891 1.11241
0.722656 1.10754

0.703125 1.1172
0.711116 1.11328

0.732422 1.10258
0.730577 1.10352

0.722656 1.10753
0.730567 1.10352

0.732422 1.10257
0.742188 1.09753

0.742188 1.09754
0.749352 1.09375

0.820312 1.05412
0.819326 1.05469

0.791016 1.07105
0.785359 1.07422

0.791016 1.07104
0.800781 1.06548

0.78125 1.0765
0.785316 1.07422

0.810547 1.05984
0.802565 1.06445

0.800781 1.06547
0.802553 1.06445

0.810547 1.05984
0.819319 1.05469

0.820312 1.05411
0.830078 1.04829

0.839844 1.04238
0.835648 1.04492

0.830078 1.04828
0.835633 1.04492

0.859375 1.03029
0.851577 1.03516

0.839844 1.04238
0.849609 1.03638

0.849609 1.03637
0.851573 1.03516

0.898438 1.005
0.882296 1.01562

0.917969 0.991728
0.911585 0.996094

0.898438 1.00498
0.908203 0.998398

0.908203 0.998372
0.91157 0.996094

0.927734 0.984979
0.925751 0.986328

0.917969 0.991713
0.925728 0.986328

0.927734 0.984941
0.9375 0.978067

0.869141 1.02413
0.867128 1.02539

0.859375 1.03028
0.867101 1.02539

0.869141 1.0241
0.878906 1.01782

0.878906 1.01782
0.88229 1.01562

0.996094 0.934812
0.992525 0.9375

1.00586 0.927155
1.00511 0.927734

0.996094 0.934739
1.0051 0.927734

1.00586 0.927149
1.01562 0.91945

1.09375 0.853668
1.08728 0.859375

1.05469 0.88758
1.04157 0.898438

1.02539 0.911642
1.01748 0.917969

1.03516 0.903772
1.02964 0.908203

1.02539 0.911577
1.02964 0.908203

1.01562 0.919447
1.01749 0.917969

1.03516 0.903723
1.04161 0.898438

1.07422 0.870836
1.06485 0.878906

1.05469 0.887536
1.06445 0.879246

1.06445 0.879241
1.06485 0.878906

1.08398 0.862309
1.07616 0.869141

1.07422 0.870814
1.07615 0.869141

1.08398 0.862277
1.08729 0.859375

1.17188 0.779748
1.17037 0.78125

1.25 0.696723
1.24432 0.703125

1.21094 0.739477
1.20838 0.742188

1.19141 0.759922
1.18966 0.761719

1.18164 0.769913
1.18009 0.771484

1.17188 0.779738
1.18005 0.771484

1.18164 0.769897
1.1896 0.761719

1.20117 0.749764
1.19908 0.751953

1.19141 0.759895
1.19902 0.751953

1.20117 0.749751
1.20831 0.742188

1.23047 0.718424
1.22661 0.722656

1.2207 0.729035
1.21756 0.732422

1.21094 0.739462
1.21747 0.732422

1.2207 0.729008
1.22651 0.722656

1.24023 0.707626
1.23552 0.712891

1.23047 0.718394
1.23544 0.712891

1.24023 0.707645
1.24427 0.703125

1.13281 0.817745
1.13009 0.820312

1.11328 0.835985
1.10904 0.839844

1.10352 0.844911
1.09825 0.849609

1.09375 0.853606
1.09825 0.849609

1.10352 0.844831
1.10906 0.839844

1.12305 0.826919
1.11964 0.830078

1.11328 0.835931
1.11969 0.830078

1.12305 0.826891
1.13014 0.820312

1.15234 0.799031
1.15054 0.800781

1.14258 0.808466
1.1404 0.810547

1.13281 0.81773
1.14042 0.810547

1.14258 0.808438
1.15056 0.800781

1.16211 0.789447
1.16052 0.791016

1.15234 0.799005
1.16054 0.791016

1.16211 0.789438
1.17036 0.78125

0.947266 0.971096
0.939607 0.976562

0.957031 0.964063
0.95321 0.966797

0.947266 0.971085
0.953192 0.966797

0.966797 0.956865
0.966569 0.957031

0.966797 0.956863
0.976562 0.949593

0.957031 0.96403
0.966567 0.957031

0.9375 0.978057
0.939628 0.976562

0.986328 0.942218
0.979643 0.947266

0.976562 0.949575
0.979682 0.947266

0.986328 0.942189
0.992458 0.9375

0 1.26897
0.00976562 1.26934

0.00976562 1.26934
0.0162397 1.26953

0.01629 1.26953
0.0195312 1.26963

0.0195312 1.26963
0.0292969 1.26985

0.0292969 1.26985
0.0390625 1.27001

0.0390625 1.27001
0.0488281 1.27009

0.0488281 1.27009
0.0585938 1.2701

0.0585938 1.2701
0.0683594 1.27004

0.0683594 1.27004
0.078125 1.26991

0.0976562 1.26943
0.0941876 1.26953

0.078125 1.26991
0.0878906 1.26971

0.0878906 1.26971
0.094239 1.26953

0.0976562 1.26943
0.107422 1.26909

0.107422 1.26909
0.117188 1.26868

0.117188 1.26868
0.126953 1.2682

0.126953 1.2682
0.136719 1.26765

0.136719 1.26765
0.146484 1.26704

0.146484 1.26704
0.15625 1.26635

0.15625 1.26635
0.166016 1.2656

0.166016 1.2656
0.175781 1.26479

0.175781 1.26479
0.185547 1.2639

0.185547 1.2639
0.195312 1.26295

0.195312 1.26295
0.205078 1.26193

0.205078 1.26193
0.214844 1.26085

0.224609 1.25969
0.223978 1.25977

0.214844 1.26085
0.223983 1.25977

0.224609 1.25969
0.234375 1.25847

0.234375 1.25847
0.244141 1.25718

0.244141 1.25718
0.253906 1.25582

0.253906 1.25582
0.263672 1.2544

0.263672 1.2544
0.273438 1.2529

0.273438 1.25291
0.283203 1.25134

0.283203 1.25134
0.291242 1.25

1.52344 0.309546
1.52181 0.3125

1.5625 0.235902
1.5583 0.244141

1.5583 0.244141
1.55327 0.253906

1.55273 0.254927
1.54817 0.263672

1.54817 0.263672
1.54302 0.273438

1.55273 0.254899
1.55325 0.253906

1.5332 0.291742
1.53254 0.292969

1.54297 0.273526
1.5378 0.283203

1.5332 0.2917
1.5378 0.283203

1.53252 0.292969
1.52718 0.302734

1.52344 0.309464
1.52716 0.302734

1.54297 0.273523
1.54301 0.273438

1.32812 0.603436
1.32654 0.605469

1.31836 0.615713
1.31087 0.625

1.32652 0.605469
1.31874 0.615234

1.31836 0.615705
1.31874 0.615234

1.40625 0.497959
1.39941 0.507812

1.38672 0.525659
1.38553 0.527344

1.37695 0.539133
1.37127 0.546875

1.3855 0.527344
1.37843 0.537109

1.37695 0.539077
1.37837 0.537109

1.39648 0.511946
1.3925 0.517578

1.38672 0.525634
1.39248 0.517578

1.39648 0.511901
1.39935 0.507812

1.34766 0.578296
1.34179 0.585938

1.35742 0.565431
1.35669 0.566406

1.36719 0.5524
1.36407 0.556641

1.35742 0.565434
1.36402 0.556641

1.35669 0.566406
1.34928 0.576172

1.34766 0.578266
1.34924 0.576172

1.33789 0.590941
1.33423 0.595703

1.32812 0.60342
1.33419 0.595703

1.33789 0.590951
1.34174 0.585938

1.36719 0.552373
1.37119 0.546875

1.48438 0.377161
1.47625 0.390625

1.44531 0.439754
1.43915 0.449219

1.43555 0.454713
1.43273 0.458984

1.43271 0.458984
1.4262 0.46875

1.43555 0.454655
1.43913 0.449219

1.46484 0.409078
1.46419 0.410156

1.45508 0.424587
1.45183 0.429688

1.46417 0.410156
1.45802 0.419922

1.45508 0.424483
1.45798 0.419922

1.47461 0.393275
1.47024 0.400391

1.46484 0.409059
1.47023 0.400391

1.47461 0.393247
1.47622 0.390625

1.44531 0.439723
1.45181 0.429688

1.50391 0.344013
1.49953 0.351562

1.51367 0.326941
1.51079 0.332031

1.52177 0.3125
1.51631 0.322266

1.51367 0.326887
1.51629 0.322266

1.51078 0.332031
1.50518 0.341797

1.50391 0.343967
1.50516 0.341797

1.49414 0.360763
1.49381 0.361328

1.49381 0.361328
1.48802 0.371094

1.49414 0.360754
1.49953 0.351562

1.48438 0.37717
1.48802 0.371094

1.41602 0.483824
1.41298 0.488281

1.42578 0.469373
1.41962 0.478516

1.41602 0.48376
1.41959 0.478516

1.40625 0.497988
1.41295 0.488281

1.42578 0.469362
1.42618 0.46875

1.64062 0.0642908
1.63499 0.078125

1.60156 0.154916
1.60096 0.15625

1.62109 0.110996
1.61842 0.117188

1.63086 0.0880114
1.62679 0.0976562

1.63497 0.078125
1.63091 0.0878906

1.63086 0.0880099
1.63091 0.0878906

1.62679 0.0976562
1.62262 0.107422

1.62109 0.110904
1.6226 0.107422

1.61133 0.133325
1.60982 0.136719

1.6184 0.117188
1.61412 0.126953

1.61133 0.133192
1.6141 0.126953

1.60978 0.136719
1.60539 0.146484

1.60156 0.154872
1.60538 0.146484

1.66016 0.0143459
1.6582 0.0195312

1.65818 0.0195312
1.65444 0.0292969

1.65444 0.0292969
1.65066 0.0390625

1.66547 0
1.66185 0.00976562

1.66016 0.0141723
1.66181 0.00976562

1.65039 0.0397442
1.64682 0.0488281

1.64682 0.0488281
1.64292 0.0585938

1.65039 0.03971
1.65065 0.0390625

1.64062 0.0642894
1.64293 0.0585938

1.60094 0.15625
1.59643 0.166016

1.59643 0.166016
1.59187 0.175781

1.5918 0.175932
1.58725 0.185547

1.58725 0.185547
1.58257 0.195312

1.5918 0.175928
1.59187 0.175781

1.58203 0.19643
1.57784 0.205078

1.57784 0.205078
1.57304 0.214844

1.57227 0.216415
1.56819 0.224609

1.56819 0.224609
1.56327 0.234375

1.57227 0.216355
1.57302 0.214844

1.58203 0.196393
1.58256 0.195312

1.5625 0.235845
1.56325 0.234375

1.28906 0.651396
1.27846 0.664062

1.26953 0.67443
1.26158 0.683594

1.25977 0.685663
1.25301 0.693359

1.25 0.696719
1.25296 0.693359

1.25977 0.685636
1.26155 0.683594

1.27842 0.664062
1.27005 0.673828

1.26953 0.674418
1.27004 0.673828

1.29883 0.639703
1.2949 0.644531

1.30859 0.627806
1.30292 0.634766

1.29883 0.639726
1.30284 0.634766

1.28906 0.651479
1.29486 0.644531

1.30859 0.62778
1.31083 0.625

