-0.390625 -1.25301
-0.393849 -1.25

-0.3125 -1.32836
-0.312741 -1.32812

-0.351562 -1.29018
-0.352722 -1.28906

-0.371094 -1.27147
-0.373137 -1.26953

-0.380859 -1.26221
-0.38345 -1.25977

-0.390625 -1.253
-0.383354 -1.25977

-0.380859 -1.26218
-0.37306 -1.26953

-0.361328 -1.2808
-0.362898 -1.2793

-0.371094 -1.27144
-0.362834 -1.2793

-0.361328 -1.28076
-0.352676 -1.28906

-0.332031 -1.30916
-0.332608 -1.30859

-0.341797 -1.29964
-0.342631 -1.29883

-0.351562 -1.29015
-0.3426 -1.29883

-0.341797 -1.29962
-0.332591 -1.30859

-0.322266 -1.31874
-0.322652 -1.31836

-0.332031 -1.30914
-0.322637 -1.31836

-0.322266 -1.31873
-0.312735 -1.32812

-0.0683594 -1.56796
-0.0744051 -1.5625

-0.0585938 -1.57675
-0.0636247 -1.57227

-0.0683594 -1.5679
-0.0634895 -1.57227

-0.0488281 -1.58553
-0.0527794 -1.58203

-0.0390625 -1.59413
-0.0417327 -1.5918

-0.0488281 -1.58548
-0.0416448 -1.5918

-0.0585938 -1.57673
-0.0525951 -1.58203

-0.0292969 -1.60267
-0.030572 -1.60156

-0.0292969 -1.60263
-0.0195312 -1.61105

0 -1.62758
-0.00772572 -1.62109

-0.00976562 -1.61936
-0.019206 -1.61133

-0.0195312 -1.61104
-0.0191906 -1.61133

-0.00976562 -1.61928
-0.00760677 -1.62109

-0.0390625 -1.5941
-0.0305152 -1.60156

-0.234375 -1.40668
-0.234801 -1.40625

-0.15625 -1.48478
-0.156663 -1.48438

-0.195312 -1.44609
-0.196092 -1.44531

-0.214844 -1.42644
-0.215492 -1.42578

-0.224609 -1.41657
-0.225153 -1.41602

-0.234375 -1.40666
-0.225135 -1.41602

-0.224609 -1.41655
-0.215481 -1.42578

-0.205078 -1.43629
-0.205817 -1.43555

-0.214844 -1.42642
-0.205793 -1.43555

-0.205078 -1.43625
-0.196066 -1.44531

-0.175781 -1.46556
-0.176506 -1.46484

-0.185547 -1.45586
-0.186334 -1.45508

-0.195312 -1.44607
-0.186304 -1.45508

-0.185547 -1.45585
-0.176489 -1.46484

-0.166016 -1.47521
-0.166622 -1.47461

-0.175781 -1.46555
-0.166606 -1.47461

-0.166016 -1.47519
-0.156648 -1.48438

-0.273438 -1.36722
-0.273471 -1.36719

-0.292969 -1.3477
-0.293013 -1.34766

-0.302734 -1.33802
-0.302862 -1.33789

-0.3125 -1.32836
-0.30286 -1.33789

-0.302734 -1.33801
-0.293011 -1.34766

-0.292969 -1.3477
-0.283214 -1.35742

-0.283203 -1.35743
-0.273468 -1.36719

-0.253906 -1.38691
-0.254095 -1.38672

-0.263672 -1.37705
-0.263764 -1.37695

-0.273438 -1.36722
-0.263761 -1.37695

-0.263672 -1.37705
-0.254084 -1.38672

-0.244141 -1.39679
-0.244441 -1.39648

-0.253906 -1.3869
-0.244425 -1.39648

-0.244141 -1.39677
-0.234778 -1.40625

-0.146484 -1.49428
-0.146628 -1.49414

-0.15625 -1.48477
-0.146621 -1.49414

-0.146484 -1.49427
-0.136719 -1.50372

-0.126953 -1.51311
-0.136526 -1.50391

-0.117188 -1.52244
-0.126369 -1.51367

-0.126953 -1.51308
-0.126337 -1.51367

-0.136719 -1.5037
-0.136508 -1.50391

-0.107422 -1.5317
-0.116146 -1.52344

-0.0976562 -1.54088
-0.105845 -1.5332

-0.107422 -1.53164
-0.105763 -1.5332

-0.0878906 -1.54999
-0.0954782 -1.54297

-0.078125 -1.55898
-0.0849926 -1.55273

-0.0878906 -1.54991
-0.0848265 -1.55273

-0.0976562 -1.54077
-0.0953003 -1.54297

-0.117188 -1.52238
-0.116077 -1.52344

-0.078125 -1.55888
-0.0741611 -1.5625

-1.02539 -0.664546
-1.02572 -0.664062

-1.01562 -0.678609
-1.01898 -0.673828

-1.02539 -0.664543
-1.01899 -0.673828

-1.03516 -0.650005
-1.03877 -0.644531

-1.04492 -0.635014
-1.04508 -0.634766

-1.04508 -0.634766
-1.05126 -0.625

-1.04492 -0.635012
-1.03877 -0.644531

-1.02572 -0.664062
-1.03231 -0.654297

-1.03516 -0.649983
-1.03231 -0.654297

-0.996094 -0.705517
-0.997853 -0.703125

-0.976562 -0.730932
-0.983051 -0.722656

-0.986328 -0.71841
-0.99054 -0.712891

-0.996094 -0.705511
-0.990547 -0.712891

-0.986328 -0.718339
-0.983062 -0.722656

-0.966797 -0.743141
-0.967567 -0.742188

-0.957031 -0.755029
-0.959563 -0.751953

-0.966797 -0.743138
-0.959588 -0.751953

-0.947266 -0.766646
-0.951391 -0.761719

-0.9375 -0.777961
-0.943076 -0.771484

-0.947266 -0.766587
-0.943133 -0.771484

-0.957031 -0.755011
-0.951443 -0.761719

-0.967573 -0.742188
-0.975393 -0.732422

-0.976562 -0.73092
-0.975386 -0.732422

-1.00586 -0.692264
-1.0121 -0.683594

-0.997884 -0.703125
-1.00507 -0.693359

-1.00586 -0.692249
-1.00507 -0.693359

-1.01562 -0.67859
-1.0121 -0.683594

-0.771484 -0.939678
-0.774054 -0.9375

-0.761719 -0.947933
-0.762514 -0.947266

-0.771484 -0.93968
-0.762509 -0.947266

-0.742188 -0.964174
-0.750821 -0.957031

-0.761719 -0.947932
-0.751953 -0.956096

-0.751953 -0.956096
-0.750824 -0.957031

-0.722656 -0.980072
-0.727056 -0.976562

-0.712891 -0.987975
-0.714954 -0.986328

-0.722656 -0.980089
-0.714913 -0.986328

-0.712891 -0.987963
-0.703125 -0.99578

-0.732422 -0.972156
-0.738986 -0.966797

-0.742188 -0.9642
-0.73899 -0.966797

-0.732422 -0.972191
-0.726977 -0.976562

-0.673828 -1.01894
-0.678121 -1.01562

-0.664062 -1.02662
-0.66565 -1.02539

-0.673828 -1.01895
-0.665618 -1.02539

-0.625 -1.05702
-0.628044 -1.05469

-0.644531 -1.04185
-0.653122 -1.03516

-0.664062 -1.02661
-0.654297 -1.03424

-0.654297 -1.03424
-0.653115 -1.03516

-0.634766 -1.04941
-0.640563 -1.04492

-0.644531 -1.04189
-0.640551 -1.04492

-0.634766 -1.04941
-0.627958 -1.05469

-0.693359 -1.00355
-0.702728 -0.996094

-0.683594 -1.01127
-0.690431 -1.00586

-0.693359 -1.00357
-0.690429 -1.00586

-0.703125 -0.995778
-0.702727 -0.996094

-0.683594 -1.01128
-0.678033 -1.01562

-0.859375 -0.860157
-0.860179 -0.859375

-0.898438 -0.820724
-0.89883 -0.820312

-0.927734 -0.788995
-0.934599 -0.78125

-0.917969 -0.799796
-0.92593 -0.791016

-0.927734 -0.78899
-0.925926 -0.791016

-0.908203 -0.810372
-0.917075 -0.800781

-0.89883 -0.820312
-0.908041 -0.810547

-0.908203 -0.810372
-0.90804 -0.810547

-0.917969 -0.799798
-0.91707 -0.800781

-0.878906 -0.84082
-0.879873 -0.839844

-0.888672 -0.830869
-0.88944 -0.830078

-0.898438 -0.820721
-0.88944 -0.830078

-0.888672 -0.830861
-0.879873 -0.839844

-0.869141 -0.850578
-0.870118 -0.849609

-0.878906 -0.840814
-0.870119 -0.849609

-0.869141 -0.850584
-0.860179 -0.859375

-0.849609 -0.869571
-0.85006 -0.869141

-0.859375 -0.860163
-0.850058 -0.869141

-0.849609 -0.869571
-0.839844 -0.878816

-0.830078 -0.887904
-0.839745 -0.878906

-0.820312 -0.896846
-0.829237 -0.888672

-0.830078 -0.887905
-0.829246 -0.888672

-0.839844 -0.878816
-0.839747 -0.878906

-0.810547 -0.905643
-0.818551 -0.898438

-0.800781 -0.914302
-0.8077 -0.908203

-0.810547 -0.905655
-0.807679 -0.908203

-0.791016 -0.922849
-0.796677 -0.917969

-0.78125 -0.931304
-0.78543 -0.927734

-0.791016 -0.922925
-0.785376 -0.927734

-0.800781 -0.914333
-0.796612 -0.917969

-0.820312 -0.896849
-0.818558 -0.898438

-0.9375 -0.777932
-0.934614 -0.78125

-0.78125 -0.931335
-0.774027 -0.9375

-1.09375 -0.551228
-1.09605 -0.546875

-1.13281 -0.469622
-1.13319 -0.46875

-1.11328 -0.512481
-1.11553 -0.507812

-1.10352 -0.53231
-1.10602 -0.527344

-1.09605 -0.546875
-1.10109 -0.537109

-1.10352 -0.532297
-1.10109 -0.537109

-1.10602 -0.527344
-1.11083 -0.517578

-1.11328 -0.51247
-1.11082 -0.517578

-1.12305 -0.491631
-1.12458 -0.488281

-1.11552 -0.507812
-1.12011 -0.498047

-1.12305 -0.491621
-1.1201 -0.498047

-1.12458 -0.488281
-1.12894 -0.478516

-1.13281 -0.46962
-1.12894 -0.478516

-1.17188 -0.365397
-1.17318 -0.361328

-1.17318 -0.361328
-1.17623 -0.351562

-1.18164 -0.333435
-1.18205 -0.332031

-1.17623 -0.351562
-1.17919 -0.341797

-1.18164 -0.333432
-1.17919 -0.341797

-1.18205 -0.332031
-1.18482 -0.322266

-1.18482 -0.322266
-1.1875 -0.3125

-1.13319 -0.46875
-1.13734 -0.458984

-1.13734 -0.458984
-1.14138 -0.449219

-1.14258 -0.446246
-1.14532 -0.439453

-1.14532 -0.439453
-1.14915 -0.429688

-1.14258 -0.446237
-1.14138 -0.449219

-1.15234 -0.421321
-1.15288 -0.419922

-1.15288 -0.419922
-1.15651 -0.410156

-1.16211 -0.394498
-1.16347 -0.390625

-1.15651 -0.410156
-1.16004 -0.400391

-1.16211 -0.394486
-1.16003 -0.400391

-1.15234 -0.42132
-1.14915 -0.429688

-1.16347 -0.390625
-1.1668 -0.380859

-1.1668 -0.380859
-1.17004 -0.371094

-1.17188 -0.365388
-1.17004 -0.371094

-1.07422 -0.586708
-1.07466 -0.585938

-1.05469 -0.619473
-1.05731 -0.615234

-1.05731 -0.615234
-1.06322 -0.605469

-1.06445 -0.603391
-1.06901 -0.595703

-1.07422 -0.586705
-1.06901 -0.595703

-1.06445 -0.603383
-1.06322 -0.605469

-1.08398 -0.569333
-1.0856 -0.566406

-1.07466 -0.585938
-1.08019 -0.576172

-1.08398 -0.569323
-1.08019 -0.576172

-1.0856 -0.566406
-1.09088 -0.556641

-1.09375 -0.551213
-1.09088 -0.556641

-1.05469 -0.61946
-1.05126 -0.625

-1.19141 -0.29761
-1.19259 -0.292969

-1.19259 -0.292969
-1.19501 -0.283203

-1.19501 -0.283203
-1.19733 -0.273438

-1.1875 -0.3125
-1.19009 -0.302734

-1.19141 -0.297605
-1.19009 -0.302734

-1.20117 -0.256356
-1.20171 -0.253906

-1.19733 -0.273438
-1.19956 -0.263672

-1.20117 -0.256352
-1.19956 -0.263672

-1.20171 -0.253906
-1.20377 -0.244141

-1.20377 -0.244141
-1.20575 -0.234375

-1.21094 -0.206374
-1.21117 -0.205078

-1.21117 -0.205078
-1.21281 -0.195312

-1.21281 -0.195312
-1.21436 -0.185547

-1.21436 -0.185547
-1.21584 -0.175781

-1.21584 -0.175781
-1.21723 -0.166016

-1.21723 -0.166016
-1.21854 -0.15625

-1.20575 -0.234375
-1.20764 -0.224609

-1.20764 -0.224609
-1.20944 -0.214844

-1.21094 -0.206374
-1.20944 -0.214844

-1.2207 -0.138536
-1.22092 -0.136719

-1.21854 -0.15625
-1.21977 -0.146484

-1.2207 -0.138537
-1.21977 -0.146484

-1.22092 -0.136719
-1.22198 -0.126953

-1.22198 -0.126953
-1.22297 -0.117188

-1.22297 -0.117188
-1.22388 -0.107422

-1.22388 -0.107422
-1.2247 -0.0976562

-1.2247 -0.0976562
-1.22545 -0.0878906

-1.22545 -0.0878906
-1.22612 -0.078125

-1.22612 -0.078125
-1.22671 -0.0683594

-1.22671 -0.0683594
-1.22722 -0.0585938

-1.22722 -0.0585938
-1.22765 -0.0488281

-1.22765 -0.0488281
-1.22801 -0.0390625

-1.22801 -0.0390625
-1.22828 -0.0292969

-1.22828 -0.0292969
-1.22848 -0.0195312

-1.22848 -0.0195312
-1.2286 -0.00976562

-1.2286 -0.00976562
-1.22864 0

-0.576172 -1.09507
-0.577866 -1.09375

-0.576172 -1.09505
-0.566406 -1.10274

-0.546875 -1.11822
-0.553104 -1.11328

-0.556641 -1.11046
-0.565419 -1.10352

-0.566406 -1.10273
-0.565399 -1.10352

-0.556641 -1.11047
-0.553046 -1.11328

-0.478516 -1.1744
-0.481516 -1.17188

-0.46875 -1.18273
-0.470023 -1.18164

-0.478516 -1.17435
-0.469995 -1.18164

-0.527344 -1.13393
-0.528736 -1.13281

-0.527344 -1.1339
-0.517578 -1.14184

-0.507812 -1.14985
-0.516681 -1.14258

-0.517578 -1.14184
-0.516665 -1.14258

-0.537109 -1.12605
-0.540912 -1.12305

-0.546875 -1.11821
-0.540792 -1.12305

-0.537109 -1.12602
-0.528685 -1.13281

-0.498047 -1.15794
-0.504822 -1.15234

-0.488281 -1.16612
-0.493134 -1.16211

-0.498047 -1.15793
-0.492958 -1.16211

-0.507812 -1.14984
-0.504753 -1.15234

-0.488281 -1.16609
-0.481409 -1.17188

-0.615234 -1.06458
-0.615394 -1.06445

-0.625 -1.057
-0.615391 -1.06445

-0.615234 -1.06457
-0.605469 -1.07216

-0.595703 -1.07977
-0.602828 -1.07422

-0.585938 -1.08738
-0.590373 -1.08398

-0.595703 -1.07976
-0.590253 -1.08398

-0.605469 -1.07217
-0.602795 -1.07422

-0.585938 -1.08738
-0.577817 -1.09375

-0.429688 -1.21708
-0.436579 -1.21094

-0.449219 -1.19971
-0.458703 -1.19141

-0.46875 -1.18271
-0.458984 -1.19116

-0.458984 -1.19115
-0.458689 -1.19141

-0.439453 -1.20835
-0.447578 -1.20117

-0.449219 -1.19965
-0.447492 -1.20117

-0.439453 -1.2083
-0.436477 -1.21094

-0.410156 -1.23487
-0.415001 -1.23047

-0.419922 -1.22595
-0.425763 -1.2207

-0.429688 -1.21702
-0.425592 -1.2207

-0.419922 -1.22592
-0.414903 -1.23047

-0.400391 -1.24389
-0.404363 -1.24023

-0.410156 -1.23488
-0.404286 -1.24023

-0.400391 -1.24389
-0.393761 -1.25

-1.22864 0
-1.22861 0.00976562

-1.22861 0.00976562
-1.2285 0.0195312

-1.2285 0.0195312
-1.2283 0.0292969

-1.2283 0.0292969
-1.22804 0.0390625

-1.22804 0.0390625
-1.22769 0.0488281

-1.22769 0.0488281
-1.22726 0.0585938

-1.22726 0.0585938
-1.22676 0.0683594

-1.22676 0.0683594
-1.22618 0.078125

-1.22618 0.078125
-1.22552 0.0878906

-1.22552 0.0878906
-1.22479 0.0976562

-1.22479 0.0976562
-1.22397 0.107422

-1.22397 0.107422
-1.22308 0.117188

-1.22308 0.117188
-1.22211 0.126953

-1.22211 0.126953
-1.22106 0.136719

-1.22106 0.136719
-1.2207 0.139845

-1.2207 0.139844
-1.21994 0.146484

-1.21994 0.146484
-1.21873 0.15625

-1.21873 0.15625
-1.21745 0.166016

-1.21745 0.166016
-1.21609 0.175781

-1.21609 0.175781
-1.21464 0.185547

-1.21464 0.185547
-1.21312 0.195312

-1.21312 0.195312
-1.21152 0.205078

-1.21152 0.205078
-1.21094 0.208479

-1.21094 0.208488
-1.20984 0.214844

-1.20984 0.214844
-1.20808 0.224609

-1.20808 0.224609
-1.20624 0.234375

-1.20624 0.234375
-1.20432 0.244141

-1.20432 0.244141
-1.20231 0.253906

-1.20231 0.253906
-1.20117 0.259246

-1.20117 0.259253
-1.20023 0.263672

-1.20023 0.263672
-1.19806 0.273438

-1.19806 0.273438
-1.19581 0.283203

-1.19581 0.283203
-1.19349 0.292969

-1.19349 0.292969
-1.19141 0.301391

-1.19141 0.301395
-1.19108 0.302734

-1.19107 0.302734
-1.18858 0.3125

-1.18858 0.3125
-1.186 0.322266

-1.186 0.322266
-1.18333 0.332031

-1.18333 0.332031
-1.18164 0.338037

-1.18164 0.338049
-1.18058 0.341797

-1.18058 0.341797
-1.17775 0.351562

-1.17775 0.351562
-1.17482 0.361328

-1.17482 0.361328
-1.17188 0.370888

-1.17188 0.370887
-1.17181 0.371094

-1.17181 0.371094
-1.16871 0.380859

-1.16871 0.380859
-1.16553 0.390625

-1.16553 0.390625
-1.16225 0.400391

-1.16225 0.400391
-1.16211 0.400799

-1.16211 0.400798
-1.15888 0.410156

-1.15889 0.410156
-1.15543 0.419922

-1.15543 0.419922
-1.15234 0.428425

-1.15234 0.42843
-1.15189 0.429688

-1.15189 0.429688
-1.14825 0.439453

-1.14825 0.439453
-1.14452 0.449219

-1.14452 0.449219
-1.14258 0.454168

-1.14258 0.454185
-1.1407 0.458984

-1.1407 0.458984
-1.13678 0.46875

-1.13678 0.46875
-1.13281 0.478401

-1.13281 0.478399
-1.13276 0.478516

-1.13277 0.478516
-1.12866 0.488281

-1.12866 0.488281
-1.12445 0.498047

-1.12445 0.498047
-1.12305 0.501222

-1.12305 0.501235
-1.12015 0.507812

-1.12015 0.507812
-1.11574 0.517578

-1.11574 0.517578
-1.11328 0.522904

-1.11328 0.522925
-1.11124 0.527344

-1.11124 0.527344
-1.10663 0.537109

-1.10663 0.537109
-1.10352 0.543563

-1.10352 0.54358
-1.10193 0.546875

-1.10192 0.546875
-1.09711 0.556641

-1.0971 0.556641
-1.09375 0.563296

-1.09375 0.563316
-1.09219 0.566406

-1.09219 0.566406
-1.08716 0.576172

-1.08715 0.576172
-1.08398 0.582199

-1.08398 0.582219
-1.08203 0.585938

-1.08202 0.585938
-1.07677 0.595703

-1.07677 0.595703
-1.07422 0.60035

-1.07422 0.600374
-1.07142 0.605469

-1.07142 0.605469
-1.06594 0.615234

-1.06594 0.615234
-1.06445 0.617828

-1.06445 0.617843
-1.06036 0.625

-1.06036 0.625
-1.05469 0.634701

-1.05469 0.634699
-1.05465 0.634766

-1.05465 0.634766
-1.04883 0.644531

-1.04882 0.644531
-1.04492 0.650935

-1.04492 0.650959
-1.04289 0.654297

-1.04288 0.654297
-1.03681 0.664062

-1.0368 0.664062
-1.03516 0.666681

-1.03516 0.66668
-1.03062 0.673828

-1.03062 0.673828
-1.02539 0.681909

-1.02539 0.681925
-1.02433 0.683594

-1.0243 0.683594
-1.01786 0.693359

-1.01782 0.693359
-1.01562 0.696646

-1.01562 0.696657
-1.01133 0.703125

-1.01128 0.703125
-1.00586 0.711004

-1.00586 0.711024
-1.0046 0.712891

-1.00457 0.712891
-0.997718 0.722656

-0.997709 0.722656
-0.996094 0.724971

-0.996094 0.724923
-0.990729 0.732422

-0.990717 0.732422
-0.986328 0.738436

-0.986328 0.738467
-0.983649 0.742188

-0.983605 0.742188
-0.976562 0.751645

-0.976562 0.751647
-0.976334 0.751953

-0.976334 0.751953
-0.968914 0.761719

-0.968908 0.761719
-0.966797 0.76449

-0.966797 0.764444
-0.96134 0.771484

-0.961305 0.771484
-0.957031 0.776939

-0.957031 0.776942
-0.953679 0.78125

-0.95362 0.78125
-0.947266 0.78912

-0.947266 0.789141
-0.945752 0.791016

-0.945739 0.791016
-0.937693 0.800781

-0.937693 0.800781
-0.9375 0.801014

-0.9375 0.801013
-0.929484 0.810547

-0.929473 0.810547
-0.927734 0.812595

-0.927734 0.812588
-0.921106 0.820312

-0.92108 0.820312
-0.917969 0.823908

-0.917969 0.823864
-0.912584 0.830078

-0.912498 0.830078
-0.908203 0.83496

-0.908203 0.834956
-0.903858 0.839844

-0.903813 0.839844
-0.898438 0.845805

-0.898438 0.845705
-0.885869 0.859375

-0.885743 0.859375
-0.878906 0.866569

-0.878906 0.86651
-0.876362 0.869141

-0.876376 0.869141
-0.869141 0.87658

-0.869141 0.876566
-0.866834 0.878906

-0.866826 0.878906
-0.859375 0.88638

-0.859375 0.886413
-0.847099 0.898438

-0.847128 0.898438
-0.839844 0.905404

-0.839844 0.905445
-0.836938 0.908203

-0.83694 0.908203
-0.830078 0.914602

-0.830078 0.914665
-0.826513 0.917969

-0.826524 0.917969
-0.820312 0.923635

-0.820312 0.923694
-0.815839 0.927734

-0.815872 0.927734
-0.810547 0.932491

-0.810547 0.932544
-0.804907 0.9375

-0.804976 0.9375
-0.800781 0.941174

-0.800781 0.9412
-0.793779 0.947266

-0.793803 0.947266
-0.791016 0.94966

-0.791016 0.949675
-0.782377 0.957031

-0.782384 0.957031
-0.78125 0.957987

-0.78125 0.95799
-0.771484 0.966139

-0.771484 0.966134
-0.770677 0.966797

-0.770678 0.966797
-0.761719 0.974123

-0.761719 0.974114
-0.758646 0.976562

-0.758687 0.976562
-0.751953 0.981948

-0.751953 0.981964
-0.746369 0.986328

-0.746401 0.986328
-0.742188 0.989559

-0.742188 0.989611
-0.733766 0.996094

-0.733769 0.996094
-0.732422 0.997115

-0.732422 0.997126
-0.722656 1.0045

-0.722656 1.00449
-0.720789 1.00586

-0.720815 1.00586
-0.712891 1.01172

-0.712891 1.01172
-0.707503 1.01562

-0.707523 1.01562
-0.703125 1.01879

-0.703125 1.0188
-0.693858 1.02539

-0.693857 1.02539
-0.693359 1.02574

-0.693359 1.02574
-0.683594 1.03255

-0.683594 1.03255
-0.679763 1.03516

-0.679784 1.03516
-0.673828 1.03923

-0.673828 1.03922
-0.665315 1.04492

-0.665352 1.04492
-0.664062 1.04576

-0.664062 1.04579
-0.650387 1.05469

-0.650423 1.05469
-0.644531 1.05848

-0.644531 1.05847
-0.635061 1.06445

-0.635059 1.06445
-0.634766 1.06463

-0.634766 1.06464
-0.625 1.07069

-0.625 1.07068
-0.619171 1.07422

-0.619182 1.07422
-0.615234 1.07661

-0.615234 1.07661
-0.605469 1.08242

-0.605469 1.08241
-0.602771 1.08398

-0.602778 1.08398
-0.595703 1.08811

-0.595703 1.0881
-0.585938 1.09368

-0.585938 1.09368
-0.585815 1.09375

-0.585813 1.09375
-0.576172 1.09914

-0.576172 1.09914
-0.568194 1.10352

-0.568196 1.10352
-0.566406 1.1045

-0.566406 1.1045
-0.556641 1.10974

-0.556641 1.10974
-0.549897 1.11328

-0.549901 1.11328
-0.546875 1.11487

-0.546875 1.11487
-0.537109 1.1199

-0.537109 1.1199
-0.53086 1.12305

-0.530865 1.12305
-0.527344 1.12482

-0.527344 1.12482
-0.517578 1.12964

-0.517578 1.12963
-0.510998 1.13281

-0.511006 1.13281
-0.507812 1.13437

-0.507812 1.13436
-0.498047 1.13897

-0.498047 1.13897
-0.490246 1.14258

-0.490246 1.14258
-0.488281 1.14349

-0.488281 1.14349
-0.478516 1.1479

-0.478516 1.1479
-0.46875 1.15222

-0.46875 1.15222
-0.468469 1.15234

-0.468465 1.15234
-0.458984 1.15644

-0.458984 1.15644
-0.449219 1.16057

-0.449219 1.16057
-0.445481 1.16211

-0.44548 1.16211
-0.439453 1.1646

-0.439453 1.1646
-0.429688 1.16854

-0.429688 1.16856
-0.421165 1.17188

-0.421223 1.17188
-0.419922 1.17239

-0.419922 1.17239
-0.410156 1.17614

-0.410156 1.17614
-0.400391 1.17981

-0.400391 1.17981
-0.395399 1.18164

-0.395395 1.18164
-0.390625 1.18339

-0.390625 1.18339
-0.380859 1.18688

-0.380859 1.18688
-0.371094 1.19028

-0.371094 1.19028
-0.36776 1.19141

-0.367754 1.19141
-0.361328 1.19358

-0.361328 1.19358
-0.351562 1.19681

-0.351562 1.19681
-0.341797 1.19994

-0.341797 1.19994
-0.337869 1.20117

-0.337867 1.20117
-0.332031 1.203

-0.332031 1.203
-0.322266 1.20596

-0.322266 1.20596
-0.3125 1.20885

-0.3125 1.20885
-0.305224 1.21094

-0.305214 1.21094
-0.302734 1.21165

-0.302734 1.21165
-0.292969 1.21437

-0.292969 1.21437
-0.283203 1.21701

-0.283203 1.21701
-0.273438 1.21957

-0.273438 1.21957
-0.268961 1.2207

-0.26895 1.2207
-0.263672 1.22204

-0.263672 1.22204
-0.253906 1.22444

-0.253906 1.22444
-0.244141 1.22676

-0.244141 1.22676
-0.234375 1.229

-0.234375 1.229
-0.227724 1.23047

-0.227713 1.23047
-0.224609 1.23115

-0.224609 1.23116
-0.214844 1.23324

-0.214844 1.23324
-0.205078 1.23525

-0.205078 1.23525
-0.195312 1.23718

-0.195312 1.23718
-0.185547 1.23904

-0.185547 1.23904
-0.179036 1.24023

-0.17903 1.24023
-0.175781 1.24083

-0.175781 1.24083
-0.166016 1.24255

-0.166016 1.24255
-0.15625 1.24419

-0.15625 1.24419
-0.146484 1.24576

-0.146484 1.24576
-0.136719 1.24726

-0.136719 1.24726
-0.126953 1.24868

-0.126953 1.24868
-0.117398 1.25

-0.117389 1.25
-0.117188 1.25003

-0.117188 1.25003
-0.107422 1.2513

-0.107422 1.2513
-0.0976562 1.2525

-0.0976562 1.2525
-0.0878906 1.25363

-0.0878906 1.25363
-0.078125 1.25468

-0.078125 1.25468
-0.0683594 1.25566

-0.0683594 1.25566
-0.0585938 1.25656

-0.0585938 1.25656
-0.0488281 1.25738

-0.0488281 1.25738
-0.0390625 1.25814

-0.0390625 1.25814
-0.0292969 1.25882

-0.0292969 1.25882
-0.0195312 1.25942

-0.0195312 1.25942
-0.013283 1.25977

-0.0132357 1.25977
-0.00976562 1.25996

-0.00976562 1.25996
0 1.26042

0.439453 -1.87541
0.438159 -1.875

0.439453 -1.87542
0.449219 -1.87841

0.449219 -1.87841
0.458984 -1.88129

0.458984 -1.88129
0.46875 -1.88407

0.478516 -1.88675
0.471293 -1.88477

0.46875 -1.88407
0.471293 -1.88477

0.478516 -1.88675
0.488281 -1.88933

0.488281 -1.88933
0.498047 -1.89181

0.498047 -1.89181
0.507812 -1.89419

0.517578 -1.89647
0.509276 -1.89453

0.517578 -1.89647
0.527344 -1.89865

0.507812 -1.89418
0.509296 -1.89453

0.527344 -1.89865
0.537109 -1.90074

0.537109 -1.90074
0.546875 -1.90272

0.556641 -1.9046
0.555086 -1.9043

0.546875 -1.90272
0.555022 -1.9043

0.556641 -1.90461
0.566406 -1.90639

0.566406 -1.90639
0.576172 -1.90808

0.576172 -1.90808
0.585938 -1.90967

0.625 -1.91507
0.61713 -1.91406

0.585938 -1.90967
0.595703 -1.91116

0.595703 -1.91116
0.605469 -1.91255

0.605469 -1.91255
0.615234 -1.91385

0.615234 -1.91385
0.617001 -1.91406

0.126953 -1.72335
0.120187 -1.71875

0.136719 -1.72987
0.13463 -1.72852

0.126953 -1.72331
0.134747 -1.72852

0.15625 -1.74256
0.149596 -1.73828

0.136719 -1.72984
0.146484 -1.73624

0.146484 -1.73616
0.149784 -1.73828

0.0195312 -1.64366
0.0157542 -1.64062

0.0292969 -1.65147
0.0279335 -1.65039

0.0195312 -1.6436
0.0279778 -1.65039

0.0292969 -1.65145
0.0390625 -1.65919

0.078125 -1.68896
0.0657304 -1.67969

0.0488281 -1.66681
0.0402926 -1.66016

0.0585938 -1.6743
0.052869 -1.66992

0.0488281 -1.66682
0.0529371 -1.66992

0.0390625 -1.65912
0.0403973 -1.66016

0.0585938 -1.67431
0.0657184 -1.67969

0.00976562 -1.63563
0.0039253 -1.63086

0 -1.62754
0.00405674 -1.63086

0.00976562 -1.6356
0.0159514 -1.64062

0.0976562 -1.70305
0.0923105 -1.69922

0.0878906 -1.69605
0.0788443 -1.68945

0.078125 -1.68894
0.078833 -1.68945

0.0878906 -1.69607
0.0923035 -1.69922

0.107422 -1.70993
0.106055 -1.70898

0.0976562 -1.70306
0.106072 -1.70898

0.107422 -1.70993
0.117188 -1.71669

0.117188 -1.71667
0.120323 -1.71875

0.195312 -1.76651
0.180839 -1.75781

0.166016 -1.7487
0.164952 -1.74805

0.15625 -1.74252
0.165007 -1.74805

0.166016 -1.74869
0.175781 -1.75473

0.175781 -1.75474
0.180844 -1.75781

0.214844 -1.77772
0.214169 -1.77734

0.205078 -1.77217
0.197185 -1.76758

0.195312 -1.76643
0.197289 -1.76758

0.205078 -1.77216
0.214165 -1.77734

0.214844 -1.77773
0.224609 -1.78318

0.234375 -1.78854
0.231757 -1.78711

0.224609 -1.78318
0.231801 -1.78711

0.253906 -1.7989
0.250039 -1.79688

0.253906 -1.79886
0.263672 -1.80386

0.273438 -1.80878
0.269171 -1.80664

0.263672 -1.80384
0.269266 -1.80664

0.292969 -1.81814
0.289336 -1.81641

0.273438 -1.80875
0.283203 -1.81353

0.283203 -1.81356
0.289147 -1.81641

0.292969 -1.8182
0.302734 -1.82276

0.3125 -1.82717
0.310302 -1.82617

0.302734 -1.82277
0.310197 -1.82617

0.234375 -1.78852
0.244141 -1.79375

0.244141 -1.79372
0.250165 -1.79688

0.351562 -1.84397
0.332324 -1.83594

0.3125 -1.82721
0.322266 -1.83155

0.322266 -1.83155
0.332031 -1.83579

0.332031 -1.83575
0.33247 -1.83594

0.361328 -1.84788
0.355895 -1.8457

0.351562 -1.8439
0.356053 -1.8457

0.361328 -1.84785
0.371094 -1.85166

0.390625 -1.85897
0.38113 -1.85547

0.371094 -1.85166
0.380859 -1.85537

0.380859 -1.8553
0.381318 -1.85547

0.390625 -1.85897
0.400391 -1.86247

0.410156 -1.86583
0.40844 -1.86523

0.400391 -1.86247
0.408336 -1.86523

0.410156 -1.86586
0.419922 -1.86915

0.419922 -1.86915
0.429688 -1.87234

0.429688 -1.87236
0.438175 -1.875

0.625 -1.91505
0.634766 -1.91615

0.634766 -1.91615
0.644531 -1.91716

0.644531 -1.91716
0.654297 -1.91807

0.654297 -1.91807
0.664062 -1.91889

0.664062 -1.91889
0.673828 -1.9196

0.673828 -1.9196
0.683594 -1.92023

0.683594 -1.92023
0.693359 -1.92075

0.693359 -1.92075
0.703125 -1.92118

0.703125 -1.92118
0.712891 -1.92152

0.712891 -1.92152
0.722656 -1.92175

0.722656 -1.92175
0.732422 -1.92189

0.732422 -1.92189
0.742188 -1.92194

0.742188 -1.92194
0.751953 -1.92188

0.751953 -1.92188
0.761719 -1.92173

0.761719 -1.92173
0.771484 -1.92149

0.771484 -1.92149
0.78125 -1.92114

0.78125 -1.92114
0.791016 -1.9207

0.791016 -1.9207
0.800781 -1.92015

0.800781 -1.92015
0.810547 -1.91951

0.810547 -1.91951
0.820312 -1.91877

0.820312 -1.91877
0.830078 -1.91794

0.830078 -1.91794
0.839844 -1.917

0.839844 -1.917
0.849609 -1.91596

0.849609 -1.91596
0.859375 -1.91482

0.859375 -1.91483
0.865218 -1.91406

0.865403 -1.91406
0.869141 -1.91359

0.869141 -1.91358
0.878906 -1.91224

0.878906 -1.91224
0.888672 -1.9108

0.888672 -1.9108
0.898438 -1.90925

0.898438 -1.90925
0.908203 -1.9076

0.908203 -1.9076
0.917969 -1.90584

0.917969 -1.90584
0.926078 -1.9043

0.926144 -1.9043
0.927734 -1.90399

0.927734 -1.90398
0.9375 -1.90202

0.9375 -1.90202
0.947266 -1.89995

0.947266 -1.89995
0.957031 -1.89777

0.957031 -1.89777
0.966797 -1.89549

0.966797 -1.89549
0.970713 -1.89453

0.970705 -1.89453
0.976562 -1.8931

0.976562 -1.8931
0.986328 -1.8906

0.986328 -1.8906
0.996094 -1.88799

0.996094 -1.88799
1.00586 -1.88527

1.00586 -1.88527
1.0076 -1.88477

1.00762 -1.88477
1.01562 -1.88245

1.01562 -1.88245
1.02539 -1.8795

1.02539 -1.8795
1.03516 -1.87645

1.03516 -1.87646
1.03967 -1.875

1.03964 -1.875
1.05469 -1.87003

1.05469 -1.87
1.06445 -1.86659

1.06445 -1.86658
1.06819 -1.86523

1.06824 -1.86523
1.07422 -1.86308

1.07422 -1.86307
1.08398 -1.85943

1.08398 -1.85943
1.09375 -1.85567

1.09375 -1.85567
1.09426 -1.85547

1.09427 -1.85547
1.10352 -1.85179

1.10352 -1.85179
1.11328 -1.84779

1.11328 -1.84778
1.1182 -1.8457

1.11824 -1.8457
1.12305 -1.84367

1.12305 -1.84366
1.13281 -1.83941

1.13281 -1.83943
1.14048 -1.83594

1.14058 -1.83594
1.14258 -1.83504

1.14258 -1.83503
1.15234 -1.83052

1.15234 -1.83052
1.16148 -1.82617

1.1615 -1.82617
1.16211 -1.82588

1.16211 -1.82587
1.17188 -1.8211

1.17188 -1.8211
1.1812 -1.81641

1.18121 -1.81641
1.18164 -1.81619

1.18164 -1.81619
1.19141 -1.81114

1.19141 -1.81114
1.19987 -1.80664

1.19989 -1.80664
1.20117 -1.80596

1.20117 -1.80595
1.21094 -1.80062

1.21094 -1.80064
1.21756 -1.79688

1.21766 -1.79688
1.2207 -1.79517

1.2207 -1.79515
1.23047 -1.78952

1.23047 -1.7895
1.23451 -1.78711

1.23459 -1.78711
1.24023 -1.78377

1.24023 -1.78375
1.25 -1.77783

1.25 -1.77783
1.2508 -1.77734

1.25078 -1.77734
1.25977 -1.77175

1.25977 -1.77174
1.26628 -1.76758

1.26635 -1.76758
1.26953 -1.76555

1.26953 -1.76552
1.2793 -1.75912

1.2793 -1.75908
1.28123 -1.75781

1.28121 -1.75781
1.28906 -1.7526

1.28906 -1.75254
1.29559 -1.74805

1.29565 -1.74805
1.29883 -1.74587

1.29883 -1.74583
1.30859 -1.73893

1.30859 -1.73892
1.30949 -1.73828

1.30949 -1.73828
1.31836 -1.73185

1.31836 -1.73184
1.32288 -1.72852

1.32284 -1.72852
1.32812 -1.7246

1.32812 -1.72455
1.33586 -1.71875

1.3358 -1.71875
1.33789 -1.71717

1.33789 -1.71716
1.34766 -1.70953

1.34766 -1.70957
1.34839 -1.70898

1.34833 -1.70898
1.35742 -1.7017

1.35742 -1.70148
1.36024 -1.69922

1.36055 -1.69922
1.36719 -1.69378

1.36719 -1.69376
1.38367 -1.67969

1.38366 -1.67969
1.38672 -1.67704

1.38672 -1.67702
1.39473 -1.66992

1.39472 -1.66992
1.39648 -1.66834

1.39648 -1.66836
1.4055 -1.66016

1.4055 -1.66016
1.40625 -1.65947

1.40625 -1.65947
1.41598 -1.65039

1.41598 -1.65039
1.41602 -1.65036

1.41602 -1.65036
1.42578 -1.641

1.42578 -1.641
1.42617 -1.64062

1.42616 -1.64062
1.43555 -1.6314

1.43555 -1.6314
1.43609 -1.63086

1.43609 -1.63086
1.44531 -1.62154

1.44531 -1.62154
1.44575 -1.62109

1.44575 -1.62109
1.45508 -1.61142

1.45508 -1.61142
1.45517 -1.61133

1.45517 -1.61133
1.46435 -1.60156

1.46434 -1.60156
1.46484 -1.60102

1.46484 -1.60102
1.4733 -1.5918

1.47327 -1.5918
1.47461 -1.59031

1.47461 -1.59034
1.48204 -1.58203

1.48204 -1.58203
1.48438 -1.57936

1.48438 -1.57939
1.49893 -1.5625

1.499 -1.5625
1.50391 -1.55655

1.50391 -1.5562
1.50671 -1.55273

1.50694 -1.55273
1.51367 -1.54443

1.51367 -1.54457
1.51496 -1.54297

1.51488 -1.54297
1.52261 -1.5332

1.52264 -1.5332
1.52344 -1.53217

1.52344 -1.53218
1.53012 -1.52344

1.53016 -1.52344
1.5332 -1.51936

1.5332 -1.51945
1.53756 -1.51367

1.53755 -1.51367
1.54297 -1.50635

1.54297 -1.50636
1.54474 -1.50391

1.54477 -1.50391
1.55182 -1.49414

1.55182 -1.49414
1.55273 -1.49282

1.55273 -1.49285
1.55873 -1.48438

1.55873 -1.48438
1.5625 -1.4788

1.5625 -1.47898
1.5655 -1.47461

1.56547 -1.47461
1.57207 -1.46484

1.57206 -1.46484
1.57227 -1.46454

1.57227 -1.46454
1.57852 -1.45508

1.57851 -1.45508
1.58203 -1.44963

1.58203 -1.44966
1.58484 -1.44531

1.58483 -1.44531
1.591 -1.43555

1.59099 -1.43555
1.5918 -1.43422

1.5918 -1.43426
1.59704 -1.42578

1.59704 -1.42578
1.60156 -1.41831

1.60156 -1.41827
1.60875 -1.40625

1.6087 -1.40625
1.61133 -1.4017

1.61133 -1.40176
1.61438 -1.39648

1.61436 -1.39648
1.61988 -1.38672

1.61987 -1.38672
1.62109 -1.3845

1.62109 -1.38453
1.62528 -1.37695

1.62528 -1.37695
1.63056 -1.36719

1.63055 -1.36719
1.63086 -1.36661

1.63086 -1.36662
1.63572 -1.35742

1.63572 -1.35742
1.64062 -1.34794

1.64062 -1.34794
1.64077 -1.34766

1.64077 -1.34766
1.64571 -1.33789

1.64571 -1.33789
1.65039 -1.32842

1.65039 -1.32842
1.65054 -1.32812

1.65053 -1.32812
1.65525 -1.31836

1.65525 -1.31836
1.65987 -1.30859

1.65986 -1.30859
1.66016 -1.30796

1.66016 -1.30797
1.66438 -1.29883

1.66438 -1.29883
1.66878 -1.28906

1.66877 -1.28906
1.66992 -1.28644

1.66992 -1.28649
1.67309 -1.2793

1.67309 -1.2793
1.67729 -1.26953

1.67729 -1.26953
1.67969 -1.26382

1.67969 -1.26386
1.68141 -1.25977

1.6814 -1.25977
1.68541 -1.25

1.68541 -1.25
1.68933 -1.24023

1.68933 -1.24023
1.68945 -1.23991

1.68945 -1.23992
1.69315 -1.23047

1.69315 -1.23047
1.69688 -1.2207

1.69688 -1.2207
1.69922 -1.21443

1.69922 -1.21446
1.70053 -1.21094

1.70053 -1.21094
1.70408 -1.20117

1.70408 -1.20117
1.70754 -1.19141

1.70753 -1.19141
1.70898 -1.1872

1.70898 -1.18725
1.71092 -1.18164

1.71092 -1.18164
1.71421 -1.17188

1.71423 -1.17188
1.71875 -1.15793

1.71875 -1.15797
1.72055 -1.15234

1.72054 -1.15234
1.72359 -1.14258

1.72359 -1.14258
1.72655 -1.13281

1.72654 -1.13281
1.72852 -1.12614

1.72852 -1.12622
1.72945 -1.12305

1.72944 -1.12305
1.73224 -1.11328

1.73224 -1.11328
1.73496 -1.10352

1.73496 -1.10352
1.73761 -1.09375

1.73761 -1.09375
1.73828 -1.09119

1.73828 -1.0912
1.74018 -1.08398

1.74018 -1.08398
1.74267 -1.07422

1.74267 -1.07422
1.74509 -1.06445

1.74509 -1.06445
1.74743 -1.05469

1.74741 -1.05469
1.74805 -1.05197

1.74805 -1.05207
1.74971 -1.04492

1.7497 -1.04492
1.7519 -1.03516

1.7519 -1.03516
1.75402 -1.02539

1.75402 -1.02539
1.75608 -1.01562

1.75609 -1.01562
1.75781 -1.00698

1.75781 -1.00714
1.75807 -1.00586

1.75806 -1.00586
1.75997 -0.996094

1.75997 -0.996094
1.76182 -0.986328

1.76182 -0.986328
1.76359 -0.976562

1.76359 -0.976562
1.7653 -0.966797

1.7653 -0.966797
1.76693 -0.957031

1.76693 -0.957031
1.76758 -0.952998

1.76758 -0.95304
1.76851 -0.947266

1.7685 -0.947266
1.77001 -0.9375

1.77001 -0.9375
1.77144 -0.927734

1.77144 -0.927734
1.77281 -0.917969

1.77281 -0.917969
1.77411 -0.908203

1.77411 -0.908203
1.77535 -0.898438

1.77535 -0.898438
1.77652 -0.888672

1.77652 -0.888672
1.77734 -0.881387

1.77734 -0.881374
1.77762 -0.878906

1.77762 -0.878906
1.77866 -0.869141

1.77866 -0.869141
1.77964 -0.859375

1.77964 -0.859375
1.78055 -0.849609

1.78055 -0.849609
1.7814 -0.839844

1.7814 -0.839844
1.78219 -0.830078

1.78219 -0.830078
1.78292 -0.820312

1.78292 -0.820312
1.78358 -0.810547

1.78358 -0.810547
1.78419 -0.800781

1.78419 -0.800781
1.78474 -0.791016

1.78474 -0.791016
1.78523 -0.78125

1.78523 -0.78125
1.78565 -0.771484

1.78565 -0.771484
1.78603 -0.761719

1.78603 -0.761719
1.78634 -0.751953

1.78634 -0.751953
1.7866 -0.742188

1.7866 -0.742188
1.7868 -0.732422

1.78679 -0.732422
1.78694 -0.722656

1.78694 -0.722656
1.78703 -0.712891

1.78702 -0.712891
1.78706 -0.703125

1.78706 -0.703125
1.78703 -0.693359

1.78703 -0.693359
1.78696 -0.683594

1.78696 -0.683594
1.78683 -0.673828

1.78683 -0.673828
1.78664 -0.664062

1.78664 -0.664062
1.78641 -0.654297

1.78641 -0.654297
1.78612 -0.644531

1.78612 -0.644531
1.78578 -0.634766

1.78578 -0.634766
1.78538 -0.625

1.78538 -0.625
1.78494 -0.615234

1.78494 -0.615234
1.78445 -0.605469

1.78445 -0.605469
1.7839 -0.595703

1.7839 -0.595703
1.7833 -0.585938

1.7833 -0.585938
1.78266 -0.576172

1.78266 -0.576172
1.78196 -0.566406

1.78196 -0.566406
1.78121 -0.556641

1.78121 -0.556641
1.78041 -0.546875

1.77734 -0.513798
1.77673 -0.507812

1.78041 -0.546875
1.77956 -0.537109

1.77956 -0.537109
1.77866 -0.527344

1.77866 -0.527344
1.77772 -0.517578

1.77734 -0.514217
1.77769 -0.517578

1.77671 -0.507812
1.77566 -0.498047

1.77566 -0.498047
1.77455 -0.488281

1.77455 -0.488281
1.77338 -0.478516

1.77338 -0.478516
1.77216 -0.46875

1.77216 -0.46875
1.77089 -0.458984

1.77089 -0.458984
1.76957 -0.449219

1.76758 -0.435133
1.76678 -0.429688

1.76957 -0.449219
1.76819 -0.439453

1.76758 -0.43547
1.76816 -0.439453

1.76676 -0.429688
1.76528 -0.419922

1.76528 -0.419922
1.76374 -0.410156

1.76374 -0.410156
1.76216 -0.400391

1.76216 -0.400391
1.76052 -0.390625

1.75781 -0.374952
1.75712 -0.371094

1.75709 -0.371094
1.7553 -0.361328

1.7553 -0.361328
1.75346 -0.351562

1.75345 -0.351562
1.75156 -0.341797

1.75156 -0.341797
1.74962 -0.332031

1.74805 -0.324287
1.74763 -0.322266

1.74763 -0.322266
1.74559 -0.3125

1.74805 -0.324341
1.74962 -0.332031

1.76052 -0.390625
1.75883 -0.380859

1.75781 -0.375263
1.75881 -0.380859

1.71875 -0.200787
1.71729 -0.195312

1.71725 -0.195312
1.71456 -0.185547

1.71456 -0.185547
1.71183 -0.175781

1.70898 -0.165818
1.70621 -0.15625

1.71183 -0.175781
1.70904 -0.166016

1.70898 -0.165827
1.70904 -0.166016

1.69922 -0.13281
1.69743 -0.126953

1.69742 -0.126953
1.6944 -0.117188

1.70621 -0.15625
1.70333 -0.146484

1.70333 -0.146484
1.7004 -0.136719

1.69922 -0.132898
1.70038 -0.136719

1.68945 -0.101474
1.68823 -0.0976562

1.6944 -0.117188
1.69132 -0.107422

1.68945 -0.101692
1.69129 -0.107422

1.68819 -0.0976562
1.68501 -0.0878906

1.68501 -0.0878906
1.68178 -0.078125

1.67969 -0.0717966
1.67853 -0.0683594

1.6785 -0.0683594
1.67516 -0.0585938

1.66992 -0.0434693
1.66837 -0.0390625

1.67516 -0.0585938
1.67178 -0.0488281

1.66992 -0.0436153
1.67175 -0.0488281

1.66016 -0.0163002
1.65776 -0.00976562

1.65776 -0.00976562
1.65413 0

1.66834 -0.0390625
1.66486 -0.0292969

1.66486 -0.0292969
1.66133 -0.0195312

1.66016 -0.0163553
1.66132 -0.0195312

1.67969 -0.0720016
1.68176 -0.078125

1.73828 -0.279176
1.73697 -0.273438

1.74559 -0.3125
1.7435 -0.302734

1.7435 -0.302734
1.74136 -0.292969

1.74136 -0.292969
1.73918 -0.283203

1.73828 -0.279423
1.73915 -0.283203

1.73695 -0.273438
1.73466 -0.263672

1.73466 -0.263672
1.73232 -0.253906

1.72852 -0.238322
1.72753 -0.234375

1.73232 -0.253906
1.72994 -0.244141

1.72852 -0.238531
1.72992 -0.244141

1.7275 -0.234375
1.72501 -0.224609

1.72501 -0.224609
1.72247 -0.214844

1.72247 -0.214844
1.71989 -0.205078

1.71875 -0.201008
1.71985 -0.205078

0.244141 1.24903
0.236702 1.25

0.244141 1.24903
0.253906 1.24769

0.253906 1.24769
0.263672 1.24628

0.263672 1.24628
0.273438 1.24481

0.273438 1.24482
0.283203 1.24328

0.283203 1.24328
0.292969 1.24168

0.302734 1.24
0.301391 1.24023

0.292969 1.24168
0.301401 1.24023

0.302734 1.24001
0.3125 1.23827

0.3125 1.23827
0.322266 1.23645

0.322266 1.23645
0.332031 1.23457

0.332031 1.23457
0.341797 1.23262

0.341797 1.23262
0.351562 1.23059

0.361328 1.22848
0.352114 1.23047

0.361328 1.22848
0.371094 1.22631

0.351562 1.23059
0.352114 1.23047

0.371094 1.22631
0.380859 1.22406

0.380859 1.22406
0.390625 1.22174

0.400391 1.21934
0.394836 1.2207

0.390625 1.22173
0.394831 1.2207

0.400391 1.21934
0.410156 1.21687

0.410156 1.21687
0.419922 1.21434

0.419922 1.21434
0.429688 1.21172

0.439453 1.20904
0.432556 1.21094

0.439453 1.20904
0.449219 1.20628

0.449219 1.20628
0.458984 1.20346

0.46875 1.20056
0.466682 1.20117

0.458984 1.20346
0.466695 1.20117

0.429688 1.21173
0.43252 1.21094

0.46875 1.20056
0.478516 1.19759

0.478516 1.19759
0.488281 1.19455

0.507812 1.18825
0.498156 1.19141

0.488281 1.19456
0.498047 1.19144

0.498047 1.19144
0.498157 1.19141

0.507812 1.18825
0.517578 1.18498

0.517578 1.18499
0.527344 1.18164

0.537109 1.17823
0.527351 1.18164

0.537109 1.17823
0.546875 1.17473

0.556641 1.17117
0.554705 1.17188

0.556641 1.17116
0.566406 1.16751

0.566406 1.16751
0.576172 1.16379

0.585938 1.15998
0.58048 1.16211

0.576172 1.16379
0.580473 1.16211

0.605469 1.15213
0.604954 1.15234

0.585938 1.15998
0.595703 1.1561

0.595703 1.1561
0.604952 1.15234

0.605469 1.15213
0.615234 1.14809

0.615234 1.14809
0.625 1.14397

0.546875 1.17475
0.554648 1.17188

0.742188 1.08836
0.731762 1.09375

0.751953 1.08317
0.750419 1.08398

0.742188 1.08834
0.750413 1.08398

0.751953 1.08317
0.761719 1.07791

0.771484 1.07258
0.768489 1.07422

0.771484 1.07257
0.78125 1.06714

0.761719 1.07791
0.768461 1.07422

0.664062 1.12672
0.650527 1.13281

0.634766 1.13977
0.628228 1.14258

0.625 1.14396
0.628221 1.14258

0.634766 1.13977
0.644531 1.13549

0.644531 1.13549
0.650548 1.13281

0.673828 1.1222
0.671984 1.12305

0.664062 1.1267
0.671981 1.12305

0.673828 1.12219
0.683594 1.11761

0.693359 1.11294
0.692646 1.11328

0.693359 1.11294
0.703125 1.10818

0.683594 1.11761
0.692639 1.11328

0.712891 1.10335
0.712554 1.10352

0.703125 1.10818
0.712552 1.10352

0.712891 1.10335
0.722656 1.09843

0.722656 1.09843
0.731795 1.09375

0.820312 1.04452
0.803055 1.05469

0.791016 1.06162
0.786013 1.06445

0.78125 1.06712
0.785974 1.06445

0.791016 1.06161
0.800781 1.056

0.800781 1.05601
0.803041 1.05469

0.839844 1.03263
0.835724 1.03516

0.820312 1.0445
0.830078 1.0386

0.830078 1.03859
0.835677 1.03516

0.839844 1.03261
0.849609 1.02652

0.859375 1.02034
0.8514 1.02539

0.849609 1.02652
0.851414 1.02539

0.869141 1.01409
0.866732 1.01562

0.869141 1.01407
0.878906 1.0077

0.898438 0.994711
0.896339 0.996094

0.888672 1.00123
0.881685 1.00586

0.878906 1.00769
0.881699 1.00586

0.888672 1.00122
0.896301 0.996094

0.9375 0.96742
0.924606 0.976562

0.898438 0.994665
0.908203 0.987997

0.917969 0.981232
0.910614 0.986328

0.908203 0.987975
0.910643 0.986328

0.917969 0.981235
0.924614 0.976562

0.859375 1.02035
0.866694 1.01562

0.986328 0.930887
0.977726 0.9375

0.996094 0.923278
0.990356 0.927734

0.986328 0.930863
0.990427 0.927734

1.00586 0.915603
1.00283 0.917969

1.01562 0.907745
1.01505 0.908203

1.00586 0.915563
1.01505 0.908203

0.996094 0.923263
1.0028 0.917969

1.07422 0.858405
1.07311 0.859375

1.07422 0.858388
1.08398 0.849735

1.09375 0.840957
1.08412 0.849609

1.08398 0.849733
1.08412 0.849609

1.03516 0.891761
1.02705 0.898438

1.05469 0.875357
1.05046 0.878906

1.04492 0.883618
1.03883 0.888672

1.03516 0.891733
1.03887 0.888672

1.04492 0.883541
1.05048 0.878906

1.01562 0.907739
1.02539 0.899805

1.02539 0.899791
1.02705 0.898438

1.06445 0.866945
1.0619 0.869141

1.05469 0.875298
1.06187 0.869141

1.06445 0.866913
1.07309 0.859375

1.17188 0.765906
1.15665 0.78125

1.25 0.6815
1.24818 0.683594

1.24023 0.692598
1.23956 0.693359

1.23955 0.693359
1.23084 0.703125

1.24023 0.692586
1.24816 0.683594

1.21094 0.724971
1.19482 0.742188

1.18164 0.755893
1.17601 0.761719

1.19141 0.74569
1.18543 0.751953

1.18164 0.75584
1.18538 0.751953

1.17188 0.765901
1.17597 0.761719

1.19141 0.74575
1.1948 0.742188

1.2207 0.714314
1.21306 0.722656

1.23047 0.703532
1.222 0.712891

1.2207 0.714295
1.22198 0.712891

1.21094 0.72493
1.21304 0.722656

1.23047 0.703528
1.23083 0.703125

1.13281 0.804615
1.11621 0.820312

1.10352 0.832059
1.09497 0.839844

1.11328 0.823054
1.10565 0.830078

1.10352 0.832013
1.10562 0.830078

1.09375 0.840945
1.09497 0.839844

1.11328 0.823016
1.11618 0.820312

1.14258 0.79508
1.1367 0.800781

1.15234 0.785532
1.14676 0.791016

1.14258 0.795045
1.1467 0.791016

1.13281 0.80457
1.13674 0.800781

1.15234 0.785475
1.1566 0.78125

0.957031 0.953124
0.95172 0.957031

0.947266 0.9603
0.938316 0.966797

0.9375 0.967382
0.938319 0.966797

0.947266 0.960264
0.951697 0.957031

0.966797 0.945826
0.964854 0.947266

0.957031 0.953098
0.96483 0.947266

0.966797 0.9458
0.976562 0.938394

0.976562 0.938388
0.977728 0.9375

0 1.26042
0.00976562 1.2608

0.00976562 1.2608
0.0195312 1.26112

0.0195312 1.26112
0.0292969 1.26136

0.0292969 1.26136
0.0390625 1.26154

0.0390625 1.26154
0.0488281 1.26164

0.0488281 1.26164
0.0585938 1.26167

0.0585938 1.26167
0.0683594 1.26163

0.0683594 1.26163
0.078125 1.26152

0.078125 1.26152
0.0878906 1.26134

0.0878906 1.26134
0.0976562 1.26108

0.0976562 1.26108
0.107422 1.26076

0.107422 1.26076
0.117188 1.26037

0.117188 1.26037
0.126953 1.2599

0.136719 1.25937
0.129493 1.25977

0.126953 1.25991
0.129521 1.25977

0.136719 1.25937
0.146484 1.25877

0.146484 1.25877
0.15625 1.2581

0.15625 1.2581
0.166016 1.25736

0.166016 1.25736
0.175781 1.25656

0.175781 1.25656
0.185547 1.25568

0.185547 1.25568
0.195312 1.25474

0.195312 1.25474
0.205078 1.25374

0.205078 1.25374
0.214844 1.25266

0.214844 1.25266
0.224609 1.25152

0.224609 1.25152
0.234375 1.2503

0.234375 1.25031
0.236656 1.25

1.5625 0.211808
1.561 0.214844

1.55273 0.231298
1.55118 0.234375

1.56097 0.214844
1.55609 0.224609

1.55273 0.231215
1.55608 0.224609

1.52344 0.287078
1.52023 0.292969

1.51367 0.304836
1.5094 0.3125

1.52021 0.292969
1.51484 0.302734

1.51367 0.304782
1.51481 0.302734

1.54297 0.250345
1.54112 0.253906

1.5332 0.268926
1.53081 0.273438

1.54109 0.253906
1.53596 0.263672

1.5332 0.26881
1.53593 0.263672

1.55115 0.234375
1.54615 0.244141

1.54297 0.250235
1.54613 0.244141

1.53077 0.273438
1.52552 0.283203

1.52344 0.286979
1.52549 0.283203

1.29883 0.623437
1.29757 0.625

1.30859 0.61128
1.30547 0.615234

1.29883 0.623426
1.30545 0.615234

1.31836 0.599036
1.31328 0.605469

1.32812 0.586553
1.32098 0.595703

1.31836 0.598999
1.32092 0.595703

1.30859 0.611327
1.31325 0.605469

1.36719 0.5346
1.35822 0.546875

1.38672 0.507366
1.38641 0.507812

1.40625 0.479134
1.39999 0.488281

1.39648 0.493374
1.39325 0.498047

1.38672 0.507359
1.39324 0.498047

1.39648 0.49333
1.39998 0.488281

1.37695 0.521144
1.3725 0.527344

1.3864 0.507812
1.37948 0.517578

1.37695 0.521047
1.3794 0.517578

1.36719 0.534625
1.37248 0.527344

1.34766 0.561052
1.34364 0.566406

1.33789 0.573889
1.33616 0.576172

1.33614 0.576172
1.32861 0.585938

1.33789 0.573874
1.34358 0.566406

1.35742 0.547922
1.35094 0.556641

1.34766 0.560957
1.35086 0.556641

1.35742 0.547921
1.35819 0.546875

1.32812 0.586539
1.32859 0.585938

1.46484 0.388528
1.46357 0.390625

1.48438 0.356024
1.48124 0.361328

1.48123 0.361328
1.4754 0.371094

1.47461 0.372405
1.46951 0.380859

1.46484 0.388485
1.4695 0.380859

1.47461 0.372385
1.47538 0.371094

1.44531 0.419776
1.43901 0.429688

1.41602 0.464688
1.4133 0.46875

1.42578 0.44996
1.41981 0.458984

1.41602 0.46463
1.41979 0.458984

1.43555 0.435024
1.43268 0.439453

1.43266 0.439453
1.42627 0.449219

1.43555 0.434979
1.43897 0.429688

1.42578 0.449951
1.42625 0.449219

1.45508 0.404329
1.45144 0.410156

1.46354 0.390625
1.45751 0.400391

1.45508 0.404217
1.45747 0.400391

1.44531 0.4198
1.45141 0.410156

1.50391 0.322243
1.50389 0.322266

1.50389 0.322266
1.49833 0.332031

1.49414 0.339329
1.49272 0.341797

1.49269 0.341797
1.48699 0.351562

1.49414 0.339268
1.49832 0.332031

1.50391 0.322242
1.5094 0.3125

1.48438 0.35595
1.48697 0.351562

1.41328 0.46875
1.40667 0.478516

1.40625 0.479118
1.40665 0.478516

1.64062 0.0352568
1.63914 0.0390625

1.6391 0.0390625
1.63522 0.0488281

1.63522 0.0488281
1.63128 0.0585938

1.63086 0.0596332
1.6273 0.0683594

1.6273 0.0683594
1.62326 0.078125

1.63086 0.0595961
1.63127 0.0585938

1.60156 0.128539
1.59791 0.136719

1.5918 0.15021
1.58903 0.15625

1.5979 0.136719
1.59349 0.146484

1.5918 0.15011
1.59346 0.146484

1.62109 0.0833647
1.6192 0.0878906

1.61917 0.0878906
1.61502 0.0976562

1.61133 0.106296
1.61084 0.107422

1.61082 0.107422
1.60657 0.117188

1.61133 0.106245
1.61502 0.0976562

1.62109 0.0832245
1.62323 0.078125

1.60657 0.117188
1.60226 0.126953

1.60156 0.128468
1.60224 0.126953

1.65039 0.00991444
1.64672 0.0195312

1.65413 0
1.65045 0.00976562

1.65039 0.00990597
1.65044 0.00976562

1.64672 0.0195312
1.64293 0.0292969

1.64062 0.0351213
1.64291 0.0292969

1.58203 0.171313
1.57993 0.175781

1.57227 0.191822
1.57058 0.195312

1.5799 0.175781
1.57525 0.185547

1.57227 0.191711
1.57523 0.185547

1.58901 0.15625
1.58448 0.166016

1.58203 0.171177
1.58446 0.166016

1.57055 0.195312
1.56579 0.205078

1.5625 0.211715
1.56578 0.205078

1.26953 0.658726
1.26507 0.664062

1.28906 0.635377
1.28148 0.644531

1.2793 0.647147
1.27331 0.654297

1.26953 0.658758
1.27326 0.654297

1.2793 0.647131
1.28145 0.644531

1.25977 0.670206
1.25667 0.673828

1.25 0.681471
1.25663 0.673828

1.25977 0.670213
1.26498 0.664062

1.29756 0.625
1.28957 0.634766

1.28906 0.635369
1.28956 0.634766

