-0.380859 -1.25807
-0.389611 -1.25

-0.371094 -1.26715
-0.379056 -1.25977

-0.380859 -1.25803
-0.378986 -1.25977

-0.361328 -1.27632
-0.368628 -1.26953

-0.351562 -1.28557
-0.358245 -1.2793

-0.361328 -1.27626
-0.358098 -1.2793

-0.371094 -1.26706
-0.368452 -1.26953

-0.341797 -1.2949
-0.347952 -1.28906

-0.332031 -1.30426
-0.337717 -1.29883

-0.341797 -1.29483
-0.3376 -1.29883

-0.322266 -1.31374
-0.327592 -1.30859

-0.3125 -1.3232
-0.317489 -1.31836

-0.322266 -1.31365
-0.317402 -1.31836

-0.332031 -1.30416
-0.327427 -1.30859

-0.351562 -1.2855
-0.347808 -1.28906

-0.0585938 -1.56904
-0.065929 -1.5625

-0.0390625 -1.58631
-0.0440057 -1.58203

-0.0488281 -1.57768
-0.0550406 -1.57227

-0.0585938 -1.56897
-0.0548646 -1.57227

-0.0488281 -1.57763
-0.0437686 -1.58203

-0.0195312 -1.60311
-0.0213593 -1.60156

-0.0195312 -1.60306
-0.00976562 -1.6113

0 -1.61943
-0.00973534 -1.61133

-0.00976562 -1.6113
-0.00973413 -1.61133

-0.0292969 -1.59471
-0.0327107 -1.5918

-0.0390625 -1.58627
-0.0326243 -1.5918

-0.0292969 -1.5947
-0.0212711 -1.60156

-0.224609 -1.41024
-0.228611 -1.40625

-0.214844 -1.41991
-0.218764 -1.41602

-0.224609 -1.41013
-0.218681 -1.41602

-0.205078 -1.42965
-0.208971 -1.42578

-0.195312 -1.43927
-0.199085 -1.43555

-0.205078 -1.42954
-0.199004 -1.43555

-0.214844 -1.41981
-0.20883 -1.42578

-0.185547 -1.44897
-0.189249 -1.44531

-0.175781 -1.45853
-0.1793 -1.45508

-0.185547 -1.44887
-0.17922 -1.45508

-0.166016 -1.46814
-0.169386 -1.46484

-0.15625 -1.47762
-0.159351 -1.47461

-0.166016 -1.46806
-0.159271 -1.47461

-0.175781 -1.45845
-0.169252 -1.46484

-0.195312 -1.43918
-0.189107 -1.44531

-0.302734 -1.33279
-0.307504 -1.32812

-0.292969 -1.34235
-0.297513 -1.33789

-0.302734 -1.3327
-0.29743 -1.33789

-0.283203 -1.35203
-0.28763 -1.34766

-0.273438 -1.36163
-0.277699 -1.35742

-0.283203 -1.35193
-0.277624 -1.35742

-0.292969 -1.34225
-0.287475 -1.34766

-0.263672 -1.37137
-0.267884 -1.36719

-0.253906 -1.38102
-0.258009 -1.37695

-0.263672 -1.37126
-0.257932 -1.37695

-0.244141 -1.39079
-0.248226 -1.38672

-0.234375 -1.40047
-0.238388 -1.39648

-0.244141 -1.39068
-0.238303 -1.39648

-0.253906 -1.38093
-0.248089 -1.38672

-0.273438 -1.36153
-0.267733 -1.36719

-0.3125 -1.32311
-0.30736 -1.32812

-0.234375 -1.40037
-0.228473 -1.40625

-0.146484 -1.48712
-0.149324 -1.48438

-0.136719 -1.49649
-0.139171 -1.49414

-0.146484 -1.48707
-0.139099 -1.49414

-0.126953 -1.50586
-0.129001 -1.50391

-0.117188 -1.51512
-0.11872 -1.51367

-0.126953 -1.50582
-0.118664 -1.51367

-0.136719 -1.49648
-0.128908 -1.50391

-0.107422 -1.52432
-0.108365 -1.52344

-0.0976562 -1.53342
-0.0978903 -1.5332

-0.107422 -1.52429
-0.0978816 -1.5332

-0.078125 -1.5514
-0.0873299 -1.54297

-0.0976562 -1.53341
-0.0878906 -1.54245

-0.0878906 -1.54242
-0.0872953 -1.54297

-0.117188 -1.51509
-0.108324 -1.52344

-0.15625 -1.47757
-0.149206 -1.48438

-0.0683594 -1.56027
-0.0766722 -1.55273

-0.078125 -1.55135
-0.0766014 -1.55273

-0.0683594 -1.56016
-0.0657545 -1.5625

-1.02539 -0.665784
-1.02654 -0.664062

-1.01562 -0.679832
-1.01985 -0.673828

-1.02539 -0.665781
-1.01985 -0.673828

-1.03516 -0.651271
-1.0396 -0.644531

-1.04492 -0.636294
-1.04588 -0.634766

-1.0459 -0.634766
-1.05207 -0.625

-1.04492 -0.636287
-1.0396 -0.644531

-1.02657 -0.664062
-1.03316 -0.654297

-1.03516 -0.651238
-1.03315 -0.654297

-0.996094 -0.706706
-0.998713 -0.703125

-0.976562 -0.732069
-0.983939 -0.722656

-0.986328 -0.719553
-0.991438 -0.712891

-0.996094 -0.706692
-0.991439 -0.712891

-0.986328 -0.719504
-0.983935 -0.722656

-0.966797 -0.744242
-0.968454 -0.742188

-0.957031 -0.756119
-0.96045 -0.751953

-0.966797 -0.744235
-0.960486 -0.751953

-0.947266 -0.767699
-0.952294 -0.761719

-0.9375 -0.77896
-0.943993 -0.771484

-0.947266 -0.767652
-0.944012 -0.771484

-0.957031 -0.756062
-0.952358 -0.761719

-0.968469 -0.742188
-0.976287 -0.732422

-0.976562 -0.732068
-0.976285 -0.732422

-1.00586 -0.693471
-1.00594 -0.693359

-1.00594 -0.693359
-1.01297 -0.683594

-1.00586 -0.693474
-0.998764 -0.703125

-1.01562 -0.679792
-1.01297 -0.683594

-0.771484 -0.939972
-0.774425 -0.9375

-0.761719 -0.948172
-0.762807 -0.947266

-0.771484 -0.939977
-0.7628 -0.947266

-0.742188 -0.964294
-0.751033 -0.957031

-0.761719 -0.948172
-0.751953 -0.956277

-0.751953 -0.956277
-0.751035 -0.957031

-0.722656 -0.980063
-0.727086 -0.976562

-0.712891 -0.987901
-0.71488 -0.986328

-0.722656 -0.980083
-0.714839 -0.986328

-0.712891 -0.98789
-0.703125 -0.995639

-0.732422 -0.972216
-0.739104 -0.966797

-0.742188 -0.964321
-0.739115 -0.966797

-0.732422 -0.972247
-0.727007 -0.976562

-0.673828 -1.01859
-0.677706 -1.01562

-0.664062 -1.02619
-0.665099 -1.02539

-0.673828 -1.0186
-0.665081 -1.02539

-0.625 -1.05627
-0.627085 -1.05469

-0.644531 -1.04126
-0.652451 -1.03516

-0.664062 -1.02618
-0.654297 -1.03373

-0.654297 -1.03374
-0.652442 -1.03516

-0.634766 -1.04874
-0.639784 -1.04492

-0.644531 -1.04128
-0.63974 -1.04492

-0.634766 -1.04875
-0.627029 -1.05469

-0.693359 -1.00334
-0.702545 -0.996094

-0.683594 -1.01098
-0.690133 -1.00586

-0.693359 -1.00336
-0.690131 -1.00586

-0.703125 -0.995637
-0.702544 -0.996094

-0.683594 -1.01098
-0.677623 -1.01562

-0.859375 -0.860875
-0.860924 -0.859375

-0.898438 -0.821611
-0.899678 -0.820312

-0.927734 -0.789978
-0.935496 -0.78125

-0.917969 -0.800758
-0.926812 -0.791016

-0.927734 -0.78998
-0.926807 -0.791016

-0.908203 -0.811294
-0.908903 -0.810547

-0.908905 -0.810547
-0.917948 -0.800781

-0.908203 -0.81129
-0.89968 -0.820312

-0.917969 -0.800758
-0.917948 -0.800781

-0.878906 -0.84164
-0.88069 -0.839844

-0.888672 -0.831728
-0.890279 -0.830078

-0.898438 -0.821596
-0.890279 -0.830078

-0.888672 -0.831697
-0.880693 -0.839844

-0.869141 -0.851346
-0.870899 -0.849609

-0.878906 -0.84163
-0.870902 -0.849609

-0.869141 -0.851374
-0.860924 -0.859375

-0.839844 -0.87946
-0.840436 -0.878906

-0.849609 -0.870254
-0.850779 -0.869141

-0.859375 -0.860901
-0.850777 -0.869141

-0.849609 -0.870261
-0.840435 -0.878906

-0.839844 -0.879461
-0.830078 -0.888507

-0.820312 -0.897403
-0.829895 -0.888672

-0.830078 -0.888506
-0.829897 -0.888672

-0.810547 -0.906159
-0.819156 -0.898438

-0.800781 -0.914774
-0.808243 -0.908203

-0.810547 -0.906166
-0.808245 -0.908203

-0.791016 -0.923255
-0.79717 -0.917969

-0.78125 -0.931655
-0.785879 -0.927734

-0.791016 -0.923324
-0.78582 -0.927734

-0.800781 -0.914797
-0.797127 -0.917969

-0.820312 -0.897405
-0.819167 -0.898438

-0.9375 -0.778952
-0.935492 -0.78125

-0.78125 -0.931692
-0.77439 -0.9375

-1.09375 -0.552608
-1.09677 -0.546875

-1.13281 -0.471094
-1.13383 -0.46875

-1.11328 -0.513908
-1.11621 -0.507812

-1.10352 -0.533714
-1.10672 -0.527344

-1.09677 -0.546875
-1.1018 -0.537109

-1.10352 -0.533702
-1.1018 -0.537109

-1.10672 -0.527344
-1.11152 -0.517578

-1.11328 -0.513897
-1.11152 -0.517578

-1.12305 -0.493079
-1.12524 -0.488281

-1.1162 -0.507812
-1.12078 -0.498047

-1.12305 -0.493067
-1.12077 -0.498047

-1.12524 -0.488281
-1.12959 -0.478516

-1.13281 -0.471087
-1.12958 -0.478516

-1.17188 -0.36707
-1.17372 -0.361328

-1.17372 -0.361328
-1.17676 -0.351562

-1.18164 -0.335187
-1.18256 -0.332031

-1.17676 -0.351562
-1.17971 -0.341797

-1.18164 -0.335178
-1.17971 -0.341797

-1.18256 -0.332031
-1.18533 -0.322266

-1.18533 -0.322266
-1.188 -0.3125

-1.13383 -0.46875
-1.13797 -0.458984

-1.13796 -0.458984
-1.142 -0.449219

-1.14258 -0.447769
-1.14592 -0.439453

-1.14592 -0.439453
-1.14974 -0.429688

-1.14258 -0.447765
-1.14199 -0.449219

-1.15234 -0.422869
-1.15347 -0.419922

-1.15346 -0.419922
-1.15708 -0.410156

-1.16211 -0.396103
-1.16403 -0.390625

-1.15708 -0.410156
-1.16061 -0.400391

-1.16211 -0.39609
-1.1606 -0.400391

-1.15234 -0.422862
-1.14974 -0.429688

-1.16403 -0.390625
-1.16735 -0.380859

-1.16735 -0.380859
-1.17058 -0.371094

-1.17188 -0.36706
-1.17058 -0.371094

-1.07422 -0.588041
-1.07543 -0.585938

-1.05469 -0.620774
-1.05811 -0.615234

-1.05811 -0.615234
-1.06401 -0.605469

-1.06445 -0.604723
-1.06979 -0.595703

-1.07422 -0.588034
-1.06978 -0.595703

-1.06445 -0.604714
-1.06401 -0.605469

-1.08398 -0.570691
-1.08635 -0.566406

-1.07543 -0.585938
-1.08095 -0.576172

-1.08398 -0.570676
-1.08095 -0.576172

-1.08635 -0.566406
-1.09162 -0.556641

-1.09375 -0.552593
-1.09161 -0.556641

-1.05469 -0.620761
-1.05207 -0.625

-1.19141 -0.29951
-1.19308 -0.292969

-1.19308 -0.292969
-1.19548 -0.283203

-1.19548 -0.283203
-1.1978 -0.273438

-1.188 -0.3125
-1.19058 -0.302734

-1.19141 -0.299505
-1.19058 -0.302734

-1.20117 -0.258457
-1.20217 -0.253906

-1.1978 -0.273438
-1.20003 -0.263672

-1.20117 -0.25845
-1.20003 -0.263672

-1.20217 -0.253906
-1.20423 -0.244141

-1.20423 -0.244141
-1.2062 -0.234375

-1.21094 -0.208857
-1.2116 -0.205078

-1.2116 -0.205078
-1.21324 -0.195312

-1.21324 -0.195312
-1.21479 -0.185547

-1.21479 -0.185547
-1.21626 -0.175781

-1.21626 -0.175781
-1.21765 -0.166016

-1.21765 -0.166016
-1.21896 -0.15625

-1.2062 -0.234375
-1.20808 -0.224609

-1.20808 -0.224609
-1.20988 -0.214844

-1.21094 -0.208852
-1.20988 -0.214844

-1.2207 -0.14203
-1.22133 -0.136719

-1.21896 -0.15625
-1.22018 -0.146484

-1.2207 -0.142028
-1.22018 -0.146484

-1.22133 -0.136719
-1.22239 -0.126953

-1.22239 -0.126953
-1.22337 -0.117188

-1.22337 -0.117188
-1.22428 -0.107422

-1.22428 -0.107422
-1.2251 -0.0976562

-1.2251 -0.0976562
-1.22585 -0.0878906

-1.22585 -0.0878906
-1.22651 -0.078125

-1.22651 -0.078125
-1.2271 -0.0683594

-1.2271 -0.0683594
-1.22761 -0.0585938

-1.22761 -0.0585938
-1.22804 -0.0488281

-1.22804 -0.0488281
-1.22839 -0.0390625

-1.22839 -0.0390625
-1.22867 -0.0292969

-1.22867 -0.0292969
-1.22887 -0.0195312

-1.22887 -0.0195312
-1.22899 -0.00976562

-1.22899 -0.00976562
-1.22903 0

-0.576172 -1.09383
-0.576273 -1.09375

-0.576172 -1.09383
-0.566406 -1.10141

-0.546875 -1.11667
-0.551281 -1.11328

-0.556641 -1.10903
-0.563707 -1.10352

-0.566406 -1.10141
-0.56366 -1.10352

-0.556641 -1.10902
-0.551156 -1.11328

-0.478516 -1.17203
-0.478702 -1.17188

-0.478516 -1.17203
-0.46875 -1.18021

-0.517578 -1.13998
-0.526511 -1.13281

-0.507812 -1.1479
-0.514394 -1.14258

-0.517578 -1.13998
-0.514322 -1.14258

-0.537109 -1.12441
-0.538843 -1.12305

-0.546875 -1.11666
-0.538786 -1.12305

-0.537109 -1.12438
-0.527344 -1.13214

-0.527344 -1.13212
-0.526474 -1.13281

-0.498047 -1.15587
-0.502428 -1.15234

-0.488281 -1.16395
-0.49052 -1.16211

-0.498047 -1.15586
-0.490459 -1.16211

-0.507812 -1.1479
-0.502299 -1.15234

-0.488281 -1.16391
-0.478699 -1.17188

-0.625 -1.05625
-0.615234 -1.06374

-0.605469 -1.07124
-0.614308 -1.06445

-0.615234 -1.06374
-0.614298 -1.06445

-0.595703 -1.07874
-0.601597 -1.07422

-0.585938 -1.08629
-0.588973 -1.08398

-0.595703 -1.07873
-0.588888 -1.08398

-0.605469 -1.07127
-0.601554 -1.07422

-0.585938 -1.08627
-0.576271 -1.09375

-0.429688 -1.21392
-0.433087 -1.21094

-0.449219 -1.19686
-0.455631 -1.19141

-0.458984 -1.18848
-0.467063 -1.18164

-0.46875 -1.18019
-0.467021 -1.18164

-0.458984 -1.18841
-0.455442 -1.19141

-0.439453 -1.20535
-0.444309 -1.20117

-0.449219 -1.19681
-0.444129 -1.20117

-0.439453 -1.20534
-0.433008 -1.21094

-0.410156 -1.23133
-0.411121 -1.23047

-0.419922 -1.22259
-0.422052 -1.2207

-0.429688 -1.2139
-0.421999 -1.2207

-0.419922 -1.22255
-0.411083 -1.23047

-0.410156 -1.2313
-0.400391 -1.24014

-0.390625 -1.24906
-0.400283 -1.24023

-0.400391 -1.24013
-0.400276 -1.24023

-0.390625 -1.24903
-0.38957 -1.25

-1.22903 0
-1.22899 0.00976562

-1.22899 0.00976562
-1.22888 0.0195312

-1.22888 0.0195312
-1.22869 0.0292969

-1.22869 0.0292969
-1.22842 0.0390625

-1.22842 0.0390625
-1.22807 0.0488281

-1.22807 0.0488281
-1.22765 0.0585938

-1.22765 0.0585938
-1.22714 0.0683594

-1.22714 0.0683594
-1.22656 0.078125

-1.22656 0.078125
-1.22591 0.0878906

-1.22591 0.0878906
-1.22517 0.0976562

-1.22517 0.0976562
-1.22436 0.107422

-1.22436 0.107422
-1.22347 0.117188

-1.22347 0.117188
-1.2225 0.126953

-1.2225 0.126953
-1.22145 0.136719

-1.22145 0.136719
-1.2207 0.143232

-1.2207 0.143233
-1.22033 0.146484

-1.22033 0.146484
-1.21913 0.15625

-1.21913 0.15625
-1.21784 0.166016

-1.21784 0.166016
-1.21648 0.175781

-1.21648 0.175781
-1.21504 0.185547

-1.21504 0.185547
-1.21353 0.195312

-1.21353 0.195312
-1.21193 0.205078

-1.21193 0.205078
-1.21094 0.210847

-1.21094 0.210858
-1.21025 0.214844

-1.21025 0.214844
-1.20849 0.224609

-1.20849 0.224609
-1.20665 0.234375

-1.20665 0.234375
-1.20473 0.244141

-1.20473 0.244141
-1.20273 0.253906

-1.20273 0.253906
-1.20117 0.261232

-1.20117 0.261236
-1.20065 0.263672

-1.20065 0.263672
-1.19849 0.273438

-1.19849 0.273438
-1.19625 0.283203

-1.19625 0.283203
-1.19392 0.292969

-1.19392 0.292969
-1.19151 0.302734

-1.19151 0.302734
-1.19141 0.303151

-1.19141 0.30315
-1.18902 0.3125

-1.18902 0.3125
-1.18644 0.322266

-1.18644 0.322266
-1.18378 0.332031

-1.18378 0.332031
-1.18164 0.339637

-1.18164 0.339645
-1.18104 0.341797

-1.18103 0.341797
-1.1782 0.351562

-1.1782 0.351562
-1.17528 0.361328

-1.17528 0.361328
-1.17227 0.371094

-1.17227 0.371094
-1.17188 0.372342

-1.17188 0.372345
-1.16918 0.380859

-1.16918 0.380859
-1.16599 0.390625

-1.16599 0.390625
-1.16272 0.400391

-1.16272 0.400391
-1.16211 0.402166

-1.16211 0.402172
-1.15936 0.410156

-1.15936 0.410156
-1.15591 0.419922

-1.15591 0.419922
-1.15237 0.429688

-1.15237 0.429688
-1.15234 0.429759

-1.15234 0.42976
-1.14874 0.439453

-1.14874 0.439453
-1.14502 0.449219

-1.14501 0.449219
-1.14258 0.455448

-1.14258 0.455463
-1.1412 0.458984

-1.1412 0.458984
-1.13729 0.46875

-1.13729 0.46875
-1.13328 0.478516

-1.13328 0.478516
-1.13281 0.479624

-1.13281 0.479629
-1.12918 0.488281

-1.12918 0.488281
-1.12498 0.498047

-1.12497 0.498047
-1.12305 0.502421

-1.12305 0.502437
-1.12068 0.507812

-1.12068 0.507812
-1.11628 0.517578

-1.11628 0.517578
-1.11328 0.52408

-1.11328 0.524099
-1.11179 0.527344

-1.11178 0.527344
-1.10718 0.537109

-1.10718 0.537109
-1.10352 0.544711

-1.10352 0.544723
-1.10248 0.546875

-1.10247 0.546875
-1.09767 0.556641

-1.09766 0.556641
-1.09375 0.564416

-1.09375 0.56443
-1.09276 0.566406

-1.09275 0.566406
-1.08773 0.576172

-1.08772 0.576172
-1.08398 0.583289

-1.08398 0.583305
-1.0826 0.585938

-1.0826 0.585938
-1.07735 0.595703

-1.07735 0.595703
-1.07422 0.601409

-1.07422 0.601434
-1.07201 0.605469

-1.072 0.605469
-1.06653 0.615234

-1.06652 0.615234
-1.06445 0.618854

-1.06445 0.618873
-1.06095 0.625

-1.06095 0.625
-1.05524 0.634766

-1.05524 0.634766
-1.05469 0.635707

-1.05469 0.6357
-1.04942 0.644531

-1.04942 0.644531
-1.04492 0.651924

-1.04492 0.651941
-1.04349 0.654297

-1.04348 0.654297
-1.03742 0.664062

-1.03741 0.664062
-1.03516 0.667619

-1.03516 0.667639
-1.03123 0.673828

-1.03123 0.673828
-1.02539 0.682852

-1.02539 0.682858
-1.02492 0.683594

-1.02491 0.683594
-1.01847 0.693359

-1.01843 0.693359
-1.01562 0.697536

-1.01562 0.697577
-1.01195 0.703125

-1.01189 0.703125
-1.00586 0.711901

-1.00586 0.71191
-1.00519 0.712891

-1.00518 0.712891
-0.998332 0.722656

-0.998315 0.722656
-0.996094 0.72583

-0.996094 0.725784
-0.991346 0.732422

-0.991336 0.732422
-0.986328 0.739284

-0.986328 0.739317
-0.984271 0.742188

-0.984222 0.742188
-0.976951 0.751953

-0.97695 0.751953
-0.976562 0.75247

-0.976562 0.752465
-0.969533 0.761719

-0.969515 0.761719
-0.966797 0.765299

-0.966797 0.765241
-0.961962 0.771484

-0.961943 0.771484
-0.957031 0.777714

-0.957031 0.777741
-0.954287 0.78125

-0.954242 0.78125
-0.947266 0.789891

-0.947266 0.789904
-0.946365 0.791016

-0.94636 0.791016
-0.938315 0.800781

-0.93831 0.800781
-0.9375 0.801755

-0.9375 0.801753
-0.930107 0.810547

-0.930091 0.810547
-0.927734 0.813326

-0.927734 0.813305
-0.921736 0.820312

-0.921694 0.820312
-0.917969 0.824627

-0.917969 0.824583
-0.913208 0.830078

-0.91313 0.830078
-0.908203 0.835683

-0.908203 0.835646
-0.904458 0.839844

-0.904419 0.839844
-0.898438 0.846491

-0.898438 0.846391
-0.886484 0.859375

-0.886372 0.859375
-0.878906 0.867227

-0.878906 0.86718
-0.877011 0.869141

-0.877015 0.869141
-0.869141 0.877249

-0.869141 0.877229
-0.867487 0.878906

-0.867482 0.878906
-0.859375 0.887042

-0.859375 0.887066
-0.847769 0.898438

-0.847795 0.898438
-0.839844 0.906049

-0.839844 0.906081
-0.83761 0.908203

-0.837615 0.908203
-0.830078 0.915251

-0.830078 0.915298
-0.827201 0.917969

-0.827215 0.917969
-0.820312 0.924261

-0.820312 0.924328
-0.816546 0.927734

-0.816562 0.927734
-0.810547 0.933092

-0.810547 0.933158
-0.805616 0.9375

-0.80567 0.9375
-0.800781 0.941772

-0.800781 0.941822
-0.794457 0.947266

-0.794508 0.947266
-0.791016 0.95026

-0.791016 0.950277
-0.783077 0.957031

-0.783087 0.957031
-0.78125 0.958577

-0.78125 0.958585
-0.771484 0.966726

-0.771484 0.966726
-0.771398 0.966797

-0.771396 0.966797
-0.761719 0.974703

-0.761719 0.974693
-0.759377 0.976562

-0.7594 0.976562
-0.751953 0.982524

-0.751953 0.982538
-0.747069 0.986328

-0.747132 0.986328
-0.742188 0.990151

-0.742188 0.99018
-0.734499 0.996094

-0.734504 0.996094
-0.732422 0.997667

-0.732422 0.997688
-0.722656 1.00505

-0.722656 1.00505
-0.721552 1.00586

-0.721563 1.00586
-0.712891 1.01227

-0.712891 1.01227
-0.708241 1.01562

-0.708277 1.01562
-0.703125 1.01935

-0.703125 1.01935
-0.694622 1.02539

-0.694622 1.02539
-0.693359 1.02627

-0.693359 1.02629
-0.683594 1.03309

-0.683594 1.03309
-0.680534 1.03516

-0.68057 1.03516
-0.673828 1.03976

-0.673828 1.03975
-0.666108 1.04492

-0.666146 1.04492
-0.664062 1.04628

-0.664062 1.04632
-0.6512 1.05469

-0.651242 1.05469
-0.644531 1.05901

-0.644531 1.059
-0.635906 1.06445

-0.635909 1.06445
-0.634766 1.06516

-0.634766 1.06517
-0.625 1.07122

-0.625 1.07122
-0.620053 1.07422

-0.620064 1.07422
-0.615234 1.07715

-0.615234 1.07715
-0.605469 1.08295

-0.605469 1.08295
-0.603694 1.08398

-0.603701 1.08398
-0.595703 1.08865

-0.595703 1.08865
-0.586767 1.09375

-0.586767 1.09375
-0.585938 1.09422

-0.585938 1.09422
-0.576172 1.09969

-0.576172 1.09969
-0.569193 1.10352

-0.569197 1.10352
-0.566406 1.10505

-0.566406 1.10504
-0.556641 1.11029

-0.556641 1.11029
-0.550948 1.11328

-0.550955 1.11328
-0.546875 1.11543

-0.546875 1.11543
-0.537109 1.12046

-0.537109 1.12045
-0.53197 1.12305

-0.531976 1.12305
-0.527344 1.12538

-0.527344 1.12538
-0.517578 1.1302

-0.517578 1.1302
-0.512166 1.13281

-0.512176 1.13281
-0.507812 1.13494

-0.507812 1.13492
-0.498047 1.13954

-0.498047 1.13954
-0.491487 1.14258

-0.491488 1.14258
-0.488281 1.14406

-0.488281 1.14406
-0.478516 1.14848

-0.478516 1.14848
-0.469792 1.15234

-0.46979 1.15234
-0.46875 1.1528

-0.46875 1.1528
-0.458984 1.15703

-0.458984 1.15703
-0.449219 1.16116

-0.449219 1.16116
-0.446931 1.16211

-0.446931 1.16211
-0.439453 1.1652

-0.439453 1.1652
-0.429688 1.16915

-0.429688 1.16916
-0.422729 1.17188

-0.422786 1.17188
-0.419922 1.17301

-0.419922 1.173
-0.410156 1.17677

-0.410156 1.17676
-0.400391 1.18044

-0.400391 1.18044
-0.397112 1.18164

-0.397109 1.18164
-0.390625 1.18402

-0.390625 1.18402
-0.380859 1.18751

-0.380859 1.18751
-0.371094 1.19092

-0.371094 1.19092
-0.369651 1.19141

-0.369648 1.19141
-0.361328 1.19423

-0.361328 1.19423
-0.351562 1.19746

-0.351562 1.19746
-0.341797 1.2006

-0.341797 1.2006
-0.339966 1.20117

-0.339964 1.20117
-0.332031 1.20366

-0.332031 1.20366
-0.322266 1.20663

-0.322266 1.20663
-0.3125 1.20952

-0.3125 1.20952
-0.307563 1.21094

-0.307553 1.21094
-0.302734 1.21232

-0.302734 1.21232
-0.292969 1.21505

-0.292969 1.21505
-0.283203 1.21769

-0.283203 1.21769
-0.273438 1.22025

-0.273438 1.22025
-0.271659 1.2207

-0.271652 1.2207
-0.263672 1.22273

-0.263672 1.22273
-0.253906 1.22513

-0.253906 1.22513
-0.244141 1.22745

-0.244141 1.22745
-0.234375 1.22969

-0.234375 1.22969
-0.230875 1.23047

-0.230864 1.23047
-0.224609 1.23185

-0.224609 1.23185
-0.214844 1.23394

-0.214844 1.23394
-0.205078 1.23595

-0.205078 1.23595
-0.195312 1.23788

-0.195312 1.23788
-0.185547 1.23974

-0.185547 1.23974
-0.182849 1.24023

-0.182845 1.24023
-0.175781 1.24153

-0.175781 1.24153
-0.166016 1.24324

-0.166016 1.24324
-0.15625 1.24488

-0.15625 1.24488
-0.146484 1.24645

-0.146484 1.24645
-0.136719 1.24794

-0.136719 1.24794
-0.126953 1.24936

-0.126953 1.24936
-0.122299 1.25

-0.122268 1.25
-0.117188 1.2507

-0.117188 1.2507
-0.107422 1.25197

-0.107422 1.25197
-0.0976562 1.25316

-0.0976562 1.25316
-0.0878906 1.25427

-0.0878906 1.25427
-0.078125 1.25531

-0.078125 1.25531
-0.0683594 1.25627

-0.0683594 1.25627
-0.0585938 1.25716

-0.0585938 1.25716
-0.0488281 1.25798

-0.0488281 1.25798
-0.0390625 1.25872

-0.0390625 1.25872
-0.0292969 1.25939

-0.0292969 1.25939
-0.0232288 1.25977

-0.0231937 1.25977
-0.0195312 1.25999

-0.0195312 1.25999
-0.00976562 1.26052

-0.00976562 1.26052
0 1.26098

0.46875 -1.8763
0.46433 -1.875

0.46875 -1.87629
0.478516 -1.87901

0.478516 -1.87901
0.488281 -1.88162

0.488281 -1.88162
0.498047 -1.88414

0.507812 -1.88657
0.500543 -1.88477

0.498047 -1.88413
0.500632 -1.88477

0.507812 -1.88656
0.517578 -1.88888

0.517578 -1.88888
0.527344 -1.8911

0.546875 -1.89525
0.543426 -1.89453

0.527344 -1.8911
0.537109 -1.89322

0.537109 -1.89322
0.543417 -1.89453

0.546875 -1.89525
0.556641 -1.89718

0.556641 -1.89718
0.566406 -1.89901

0.566406 -1.89901
0.576172 -1.90074

0.576172 -1.90074
0.585938 -1.90237

0.585938 -1.90237
0.595703 -1.90391

0.605469 -1.90534
0.59838 -1.9043

0.595703 -1.90392
0.598235 -1.9043

0.605469 -1.90535
0.615234 -1.90669

0.615234 -1.90669
0.625 -1.90793

0.136719 -1.72108
0.133201 -1.71875

0.136719 -1.72102
0.146484 -1.72741

0.15625 -1.7337
0.148176 -1.72852

0.146484 -1.72732
0.14837 -1.72852

0.0390625 -1.65085
0.0261079 -1.64062

0.078125 -1.68032
0.0772597 -1.67969

0.0585938 -1.6658
0.0511757 -1.66016

0.0390625 -1.65082
0.0488281 -1.65837

0.0488281 -1.65838
0.0511926 -1.66016

0.0683594 -1.67309
0.0640572 -1.66992

0.0585938 -1.66579
0.0641241 -1.66992

0.0683594 -1.6731
0.0773055 -1.67969

0.00976562 -1.62748
0.00199399 -1.62109

0.0195312 -1.63534
0.0139248 -1.63086

0.00976562 -1.62746
0.0140151 -1.63086

0 -1.61934
0.00213115 -1.62109

0.0195312 -1.63536
0.0261316 -1.64062

0.078125 -1.68029
0.0878906 -1.68737

0.0976562 -1.69437
0.0907615 -1.68945

0.0878906 -1.68729
0.0909913 -1.68945

0.107422 -1.70123
0.104476 -1.69922

0.107422 -1.70117
0.117188 -1.7079

0.0976562 -1.69429
0.104695 -1.69922

0.126953 -1.71453
0.118774 -1.70898

0.117188 -1.70786
0.118889 -1.70898

0.126953 -1.71448
0.133364 -1.71875

0.166016 -1.73986
0.163493 -1.73828

0.166016 -1.73984
0.175781 -1.74589

0.15625 -1.73367
0.163553 -1.73828

0.185547 -1.75179
0.17938 -1.74805

0.175781 -1.74594
0.179249 -1.74805

0.185547 -1.75182
0.195312 -1.75764

0.205078 -1.76334
0.195607 -1.75781

0.214844 -1.76897
0.212412 -1.76758

0.205078 -1.76333
0.212496 -1.76758

0.234375 -1.77981
0.22989 -1.77734

0.214844 -1.76893
0.224609 -1.77441

0.224609 -1.77439
0.22998 -1.77734

0.195312 -1.7576
0.195689 -1.75781

0.273438 -1.80019
0.266948 -1.79688

0.273438 -1.80015
0.283203 -1.80497

0.292969 -1.80971
0.28661 -1.80664

0.283203 -1.80491
0.286795 -1.80664

0.3125 -1.81878
0.307343 -1.81641

0.292969 -1.80967
0.302734 -1.81427

0.302734 -1.81426
0.307399 -1.81641

0.234375 -1.77978
0.244141 -1.78504

0.253906 -1.79018
0.24807 -1.78711

0.244141 -1.78504
0.248061 -1.78711

0.253906 -1.79019
0.263672 -1.79522

0.263672 -1.79519
0.267017 -1.79688

0.3125 -1.81877
0.322266 -1.82315

0.332031 -1.82741
0.329201 -1.82617

0.322266 -1.82316
0.329144 -1.82617

0.332031 -1.82743
0.341797 -1.8316

0.341797 -1.8316
0.351562 -1.83566

0.361328 -1.83963
0.352217 -1.83594

0.361328 -1.83962
0.371094 -1.84347

0.380859 -1.84723
0.376874 -1.8457

0.371094 -1.84347
0.376919 -1.8457

0.380859 -1.84722
0.390625 -1.85087

0.351562 -1.83557
0.352481 -1.83594

0.410156 -1.8578
0.403528 -1.85547

0.390625 -1.85087
0.400391 -1.85441

0.400391 -1.8545
0.403134 -1.85547

0.410156 -1.85784
0.419922 -1.86118

0.419922 -1.86118
0.429688 -1.8644

0.439453 -1.86749
0.432397 -1.86523

0.429688 -1.86451
0.43194 -1.86523

0.439453 -1.86753
0.449219 -1.87055

0.449219 -1.87055
0.458984 -1.87347

0.458984 -1.87347
0.464273 -1.875

0.625 -1.90793
0.634766 -1.90908

0.634766 -1.90908
0.644531 -1.91013

0.644531 -1.91013
0.654297 -1.91109

0.654297 -1.91109
0.664062 -1.91194

0.703125 -1.91443
0.696195 -1.91406

0.664062 -1.91194
0.673828 -1.9127

0.673828 -1.9127
0.683594 -1.91337

0.683594 -1.91337
0.693359 -1.91394

0.693359 -1.91394
0.695867 -1.91406

0.703125 -1.91442
0.712891 -1.9148

0.712891 -1.9148
0.722656 -1.91508

0.722656 -1.91508
0.732422 -1.91527

0.732422 -1.91527
0.742188 -1.91536

0.742188 -1.91536
0.751953 -1.91535

0.751953 -1.91535
0.761719 -1.91525

0.761719 -1.91525
0.771484 -1.91505

0.771484 -1.91505
0.78125 -1.91476

0.78125 -1.91478
0.797049 -1.91406

0.797088 -1.91406
0.800781 -1.91387

0.800781 -1.91386
0.810547 -1.91327

0.810547 -1.91327
0.820312 -1.91257

0.820312 -1.91257
0.830078 -1.91178

0.830078 -1.91178
0.839844 -1.91089

0.839844 -1.91089
0.849609 -1.90989

0.849609 -1.90989
0.859375 -1.9088

0.859375 -1.9088
0.869141 -1.9076

0.869141 -1.9076
0.878906 -1.90631

0.878906 -1.90631
0.888672 -1.90491

0.888672 -1.9049
0.892625 -1.9043

0.89265 -1.9043
0.898438 -1.90341

0.898438 -1.90341
0.908203 -1.9018

0.908203 -1.9018
0.917969 -1.9001

0.917969 -1.9001
0.927734 -1.89829

0.927734 -1.89829
0.9375 -1.89638

0.9375 -1.89638
0.946439 -1.89453

0.946424 -1.89453
0.947266 -1.89436

0.947266 -1.89436
0.957031 -1.89224

0.957031 -1.89224
0.966797 -1.89001

0.966797 -1.89001
0.976562 -1.88768

0.976562 -1.88768
0.986328 -1.88523

0.986328 -1.88523
0.988108 -1.88477

0.988122 -1.88477
0.996094 -1.88268

0.996094 -1.88268
1.00586 -1.88002

1.00586 -1.88002
1.01562 -1.87725

1.01562 -1.87726
1.02314 -1.875

1.02328 -1.875
1.02539 -1.87438

1.02539 -1.87436
1.03516 -1.87137

1.03516 -1.87137
1.04492 -1.86825

1.04492 -1.86825
1.05406 -1.86523

1.05409 -1.86523
1.05469 -1.86504

1.05469 -1.86503
1.06445 -1.86168

1.06445 -1.86168
1.07422 -1.85822

1.07422 -1.85822
1.08173 -1.85547

1.08176 -1.85547
1.08398 -1.85465

1.08398 -1.85465
1.09375 -1.85095

1.09375 -1.85095
1.10352 -1.84713

1.10352 -1.84712
1.10703 -1.8457

1.10707 -1.8457
1.11328 -1.8432

1.11328 -1.84319
1.12305 -1.83913

1.12305 -1.83912
1.13047 -1.83594

1.13051 -1.83594
1.13281 -1.83496

1.13281 -1.83494
1.14258 -1.83062

1.14258 -1.83062
1.15234 -1.82618

1.15236 -1.82617
1.16211 -1.8216

1.16211 -1.8216
1.17188 -1.81689

1.17188 -1.81689
1.17285 -1.81641

1.17286 -1.81641
1.18164 -1.81205

1.18164 -1.81205
1.19141 -1.80708

1.19141 -1.80707
1.19223 -1.80664

1.19224 -1.80664
1.20117 -1.80196

1.20117 -1.80196
1.21062 -1.79688

1.21063 -1.79688
1.21094 -1.79671

1.21094 -1.79671
1.2207 -1.79131

1.2207 -1.7913
1.22808 -1.78711

1.22814 -1.78711
1.23047 -1.78579

1.23047 -1.78576
1.24023 -1.78007

1.24023 -1.78006
1.24477 -1.77734

1.24481 -1.77734
1.25 -1.77424

1.25 -1.77423
1.25977 -1.76823

1.25977 -1.76822
1.26082 -1.76758

1.2608 -1.76758
1.26953 -1.76208

1.26953 -1.76207
1.27612 -1.75781

1.27616 -1.75781
1.2793 -1.75579

1.2793 -1.75577
1.28906 -1.74929

1.28906 -1.74928
1.29094 -1.74805

1.29089 -1.74805
1.29883 -1.74265

1.29883 -1.74264
1.30508 -1.73828

1.30512 -1.73828
1.30859 -1.73588

1.30859 -1.73584
1.31836 -1.72886

1.31836 -1.72886
1.31883 -1.72852

1.31883 -1.72852
1.32812 -1.7217

1.32812 -1.72168
1.33208 -1.71875

1.33204 -1.71875
1.33789 -1.71435

1.33789 -1.71434
1.34483 -1.70898

1.3449 -1.70898
1.34766 -1.70688

1.34766 -1.70682
1.35727 -1.69922

1.35728 -1.69922
1.35742 -1.6991

1.35742 -1.6991
1.36719 -1.69118

1.36719 -1.69121
1.38095 -1.67969

1.38088 -1.67969
1.38672 -1.67476

1.38672 -1.67469
1.39227 -1.66992

1.39223 -1.66992
1.39648 -1.66621

1.39648 -1.66617
1.40326 -1.66016

1.40322 -1.66016
1.40625 -1.65743

1.40625 -1.65742
1.41393 -1.65039

1.41392 -1.65039
1.41602 -1.64845

1.41602 -1.64844
1.42433 -1.64062

1.42431 -1.64062
1.42578 -1.63923

1.42578 -1.63923
1.43444 -1.63086

1.43443 -1.63086
1.43555 -1.62976

1.43555 -1.62976
1.44429 -1.62109

1.44429 -1.62109
1.44531 -1.62007

1.44531 -1.62007
1.45388 -1.61133

1.45388 -1.61133
1.45508 -1.61009

1.45508 -1.6101
1.46323 -1.60156

1.46323 -1.60156
1.46484 -1.59985

1.46484 -1.59986
1.47234 -1.5918

1.47234 -1.5918
1.47461 -1.58932

1.47461 -1.58936
1.48123 -1.58203

1.48125 -1.58203
1.48438 -1.57851

1.48438 -1.57856
1.49844 -1.5625

1.49848 -1.5625
1.50391 -1.55604

1.50391 -1.55572
1.50638 -1.55273

1.5066 -1.55273
1.51367 -1.54416

1.51367 -1.54427
1.51474 -1.54297

1.51467 -1.54297
1.52254 -1.5332

1.52257 -1.5332
1.52344 -1.5321

1.52344 -1.53211
1.53017 -1.52344

1.53022 -1.52344
1.5332 -1.5195

1.5332 -1.51958
1.53773 -1.51367

1.53773 -1.51367
1.54297 -1.5067

1.54297 -1.50671
1.54502 -1.50391

1.54506 -1.50391
1.55224 -1.49414

1.55223 -1.49414
1.55273 -1.49343

1.55273 -1.49344
1.55925 -1.48438

1.55925 -1.48438
1.5625 -1.47962

1.5625 -1.47979
1.56613 -1.47461

1.5661 -1.47461
1.57227 -1.46563

1.57227 -1.46563
1.57279 -1.46484

1.5728 -1.46484
1.57936 -1.45508

1.57935 -1.45508
1.58203 -1.45099

1.58203 -1.45101
1.58577 -1.44531

1.58576 -1.44531
1.5918 -1.43591

1.5918 -1.43591
1.59202 -1.43555

1.59203 -1.43555
1.59816 -1.42578

1.59817 -1.42578
1.60156 -1.42026

1.60156 -1.42023
1.61005 -1.40625

1.61001 -1.40625
1.61133 -1.404

1.61133 -1.40401
1.61574 -1.39648

1.61574 -1.39648
1.62109 -1.38715

1.62109 -1.38715
1.62134 -1.38672

1.62134 -1.38672
1.62682 -1.37695

1.62682 -1.37695
1.63086 -1.36959

1.63086 -1.36962
1.63219 -1.36719

1.63218 -1.36719
1.63742 -1.35742

1.63741 -1.35742
1.64062 -1.3513

1.64062 -1.35134
1.64256 -1.34766

1.64255 -1.34766
1.64756 -1.33789

1.64755 -1.33789
1.65039 -1.33223

1.65039 -1.33226
1.65247 -1.32812

1.65246 -1.32812
1.65725 -1.31836

1.65725 -1.31836
1.66016 -1.31229

1.66016 -1.31231
1.66194 -1.30859

1.66193 -1.30859
1.66651 -1.29883

1.66651 -1.29883
1.66992 -1.29138

1.66992 -1.29143
1.67101 -1.28906

1.67099 -1.28906
1.67536 -1.2793

1.67536 -1.2793
1.67964 -1.26953

1.67964 -1.26953
1.67969 -1.26941

1.67969 -1.26941
1.68381 -1.25977

1.68381 -1.25977
1.68789 -1.25

1.68788 -1.25
1.68945 -1.24615

1.68945 -1.24619
1.69188 -1.24023

1.69188 -1.24023
1.69577 -1.23047

1.69576 -1.23047
1.69922 -1.22158

1.69922 -1.22159
1.69956 -1.2207

1.69956 -1.2207
1.70327 -1.21094

1.70327 -1.21094
1.70688 -1.20117

1.70687 -1.20117
1.70898 -1.19532

1.70898 -1.19537
1.71042 -1.19141

1.7104 -1.19141
1.71384 -1.18164

1.71384 -1.18164
1.71719 -1.17188

1.71718 -1.17188
1.71875 -1.16712

1.71875 -1.16726
1.72047 -1.16211

1.72045 -1.16211
1.72363 -1.15234

1.72363 -1.15234
1.72673 -1.14258

1.72672 -1.14258
1.72852 -1.13676

1.72852 -1.13684
1.72976 -1.13281

1.72975 -1.13281
1.73268 -1.12305

1.73268 -1.12305
1.73553 -1.11328

1.73553 -1.11328
1.73828 -1.10359

1.73828 -1.10359
1.7383 -1.10352

1.7383 -1.10352
1.741 -1.09375

1.741 -1.09375
1.74361 -1.08398

1.74361 -1.08398
1.74615 -1.07422

1.74614 -1.07422
1.74805 -1.06667

1.74805 -1.06675
1.74862 -1.06445

1.74861 -1.06445
1.751 -1.05469

1.751 -1.05469
1.75331 -1.04492

1.75331 -1.04492
1.75554 -1.03516

1.75554 -1.03516
1.75771 -1.02539

1.75769 -1.02539
1.75781 -1.02482

1.75781 -1.02484
1.75982 -1.01562

1.7598 -1.01562
1.76182 -1.00586

1.76182 -1.00586
1.76377 -0.996094

1.76377 -0.996094
1.76565 -0.986328

1.76565 -0.986328
1.76746 -0.976562

1.76746 -0.976562
1.76758 -0.975889

1.76758 -0.975901
1.7692 -0.966797

1.7692 -0.966797
1.77087 -0.957031

1.77087 -0.957031
1.77247 -0.947266

1.77247 -0.947266
1.774 -0.9375

1.774 -0.9375
1.77547 -0.927734

1.77547 -0.927734
1.77687 -0.917969

1.77687 -0.917969
1.77734 -0.914483

1.77734 -0.914471
1.7782 -0.908203

1.7782 -0.908203
1.77946 -0.898438

1.77946 -0.898438
1.78066 -0.888672

1.78066 -0.888672
1.78179 -0.878906

1.78179 -0.878906
1.78285 -0.869141

1.78285 -0.869141
1.78385 -0.859375

1.78385 -0.859375
1.78479 -0.849609

1.78479 -0.849609
1.78566 -0.839844

1.78566 -0.839844
1.78647 -0.830078

1.78647 -0.830078
1.78711 -0.821761

1.78711 -0.821848
1.78723 -0.820312

1.78722 -0.820312
1.78791 -0.810547

1.78791 -0.810547
1.78853 -0.800781

1.78853 -0.800781
1.7891 -0.791016

1.7891 -0.791016
1.7896 -0.78125

1.7896 -0.78125
1.79005 -0.771484

1.79005 -0.771484
1.79044 -0.761719

1.79044 -0.761719
1.79077 -0.751953

1.79077 -0.751953
1.79104 -0.742188

1.79104 -0.742188
1.79125 -0.732422

1.79125 -0.732422
1.79141 -0.722656

1.7914 -0.722656
1.7915 -0.712891

1.7915 -0.712891
1.79155 -0.703125

1.79155 -0.703125
1.79154 -0.693359

1.79154 -0.693359
1.79147 -0.683594

1.79147 -0.683594
1.79135 -0.673828

1.79135 -0.673828
1.79117 -0.664062

1.79117 -0.664062
1.79094 -0.654297

1.79094 -0.654297
1.79066 -0.644531

1.79066 -0.644531
1.79032 -0.634766

1.79032 -0.634766
1.78993 -0.625

1.78993 -0.625
1.78949 -0.615234

1.78949 -0.615234
1.789 -0.605469

1.789 -0.605469
1.78845 -0.595703

1.78845 -0.595703
1.78786 -0.585938

1.78711 -0.574722
1.78652 -0.566406

1.78786 -0.585938
1.78721 -0.576172

1.78711 -0.575087
1.78719 -0.576172

1.78651 -0.566406
1.78577 -0.556641

1.78577 -0.556641
1.78497 -0.546875

1.78497 -0.546875
1.78412 -0.537109

1.78412 -0.537109
1.78323 -0.527344

1.78323 -0.527344
1.78229 -0.517578

1.78229 -0.517578
1.78129 -0.507812

1.77734 -0.472657
1.77687 -0.46875

1.78129 -0.507812
1.78025 -0.498047

1.78025 -0.498047
1.77917 -0.488281

1.77917 -0.488281
1.77803 -0.478516

1.77734 -0.473006
1.77801 -0.478516

1.77684 -0.46875
1.7756 -0.458984

1.7756 -0.458984
1.7743 -0.449219

1.7743 -0.449219
1.77295 -0.439453

1.77295 -0.439453
1.77155 -0.429688

1.77155 -0.429688
1.7701 -0.419922

1.7701 -0.419922
1.76859 -0.410156

1.76758 -0.403655
1.76706 -0.400391

1.76703 -0.400391
1.76542 -0.390625

1.76758 -0.403932
1.76857 -0.410156

1.75781 -0.348089
1.75661 -0.341797

1.75658 -0.341797
1.75466 -0.332031

1.75466 -0.332031
1.75269 -0.322266

1.75269 -0.322266
1.75067 -0.3125

1.76542 -0.390625
1.76375 -0.380859

1.76375 -0.380859
1.76204 -0.371094

1.76204 -0.371094
1.76027 -0.361328

1.76027 -0.361328
1.75845 -0.351562

1.75781 -0.3485
1.75841 -0.351562

1.71875 -0.181436
1.71717 -0.175781

1.71715 -0.175781
1.71437 -0.166016

1.71437 -0.166016
1.71155 -0.15625

1.70898 -0.147501
1.70869 -0.146484

1.70868 -0.146484
1.70576 -0.136719

1.70898 -0.147525
1.71155 -0.15625

1.70576 -0.136719
1.70279 -0.126953

1.70279 -0.126953
1.69977 -0.117188

1.69922 -0.115416
1.69671 -0.107422

1.6967 -0.107422
1.69358 -0.0976562

1.68945 -0.0849378
1.6872 -0.078125

1.69358 -0.0976562
1.69041 -0.0878906

1.68945 -0.0851338
1.69036 -0.0878906

1.69922 -0.115525
1.69974 -0.117188

1.67969 -0.0559507
1.6738 -0.0390625

1.66016 -0.00158471
1.65957 0

1.66992 -0.0282522
1.66677 -0.0195312

1.67379 -0.0390625
1.6703 -0.0292969

1.66992 -0.0282685
1.67029 -0.0292969

1.66676 -0.0195312
1.66318 -0.00976562

1.66016 -0.00165315
1.66318 -0.00976562

1.68719 -0.078125
1.68391 -0.0683594

1.68391 -0.0683594
1.68059 -0.0585938

1.67969 -0.0560062
1.68058 -0.0585938

1.74805 -0.300135
1.74649 -0.292969

1.75067 -0.3125
1.7486 -0.302734

1.74805 -0.300246
1.74859 -0.302734

1.74649 -0.292969
1.74432 -0.283203

1.74432 -0.283203
1.7421 -0.273438

1.73828 -0.256938
1.73756 -0.253906

1.73752 -0.253906
1.73515 -0.244141

1.73515 -0.244141
1.73273 -0.234375

1.7421 -0.273438
1.73984 -0.263672

1.73828 -0.257185
1.73982 -0.263672

1.72852 -0.217745
1.72777 -0.214844

1.73273 -0.234375
1.73026 -0.224609

1.72852 -0.217903
1.73025 -0.224609

1.72774 -0.214844
1.72517 -0.205078

1.72517 -0.205078
1.72254 -0.195312

1.72254 -0.195312
1.71987 -0.185547

1.71875 -0.181663
1.71983 -0.185547

0.244141 1.24968
0.241736 1.25

0.244141 1.24968
0.253906 1.24833

0.253906 1.24833
0.263672 1.24691

0.263672 1.24691
0.273438 1.24542

0.273438 1.24542
0.283203 1.24387

0.283203 1.24387
0.292969 1.24225

0.292969 1.24225
0.302734 1.24057

0.3125 1.23882
0.304601 1.24023

0.302734 1.24057
0.304611 1.24023

0.3125 1.23882
0.322266 1.237

0.322266 1.237
0.332031 1.2351

0.332031 1.2351
0.341797 1.23314

0.341797 1.23314
0.351562 1.23111

0.361328 1.229
0.354516 1.23047

0.361328 1.229
0.371094 1.22681

0.351562 1.2311
0.354505 1.23047

0.371094 1.22681
0.380859 1.22456

0.380859 1.22456
0.390625 1.22223

0.400391 1.21983
0.396843 1.2207

0.390625 1.22223
0.396839 1.2207

0.400391 1.21983
0.410156 1.21736

0.410156 1.21736
0.419922 1.21482

0.419922 1.21482
0.429688 1.2122

0.439453 1.20951
0.434281 1.21094

0.439453 1.20951
0.449219 1.20675

0.449219 1.20675
0.458984 1.20392

0.46875 1.20102
0.468234 1.20117

0.458984 1.20392
0.468239 1.20117

0.429688 1.2122
0.434228 1.21094

0.46875 1.20102
0.478516 1.19805

0.478516 1.19805
0.488281 1.19501

0.507812 1.1887
0.499541 1.19141

0.488281 1.19501
0.498047 1.19189

0.498047 1.19189
0.49953 1.19141

0.507812 1.1887
0.517578 1.18544

0.517578 1.18544
0.527344 1.1821

0.537109 1.17868
0.528645 1.18164

0.527344 1.18209
0.528642 1.18164

0.537109 1.17868
0.546875 1.17519

0.556641 1.17163
0.555979 1.17188

0.556641 1.17163
0.566406 1.168

0.566406 1.168
0.576172 1.16429

0.585938 1.1605
0.581792 1.16211

0.576172 1.16429
0.581799 1.16211

0.585938 1.16051
0.595703 1.15665

0.595703 1.15665
0.605469 1.15272

0.615234 1.14872
0.606398 1.15234

0.615234 1.14872
0.625 1.14464

0.605469 1.15272
0.606392 1.15234

0.546875 1.17521
0.55593 1.17188

0.742188 1.08938
0.733679 1.09375

0.742188 1.08936
0.751953 1.08421

0.761719 1.07899
0.75238 1.08398

0.751953 1.08421
0.752381 1.08398

0.771484 1.07368
0.770488 1.07422

0.771484 1.07367
0.78125 1.06827

0.761719 1.07899
0.770479 1.07422

0.664062 1.12753
0.652238 1.13281

0.634766 1.14048
0.629842 1.14258

0.625 1.14463
0.629809 1.14258

0.634766 1.14047
0.644531 1.13623

0.644531 1.13623
0.652267 1.13281

0.673828 1.12303
0.67379 1.12305

0.664062 1.12751
0.673791 1.12305

0.673828 1.12303
0.683594 1.11847

0.703125 1.1091
0.694486 1.11328

0.683594 1.11847
0.693359 1.11383

0.693359 1.11382
0.694474 1.11328

0.703125 1.1091
0.712891 1.10429

0.722656 1.09939
0.714431 1.10352

0.712891 1.10428
0.714419 1.10352

0.722656 1.09939
0.732422 1.09442

0.732422 1.0944
0.73367 1.09375

0.820312 1.04578
0.805104 1.05469

0.791016 1.06279
0.788053 1.06445

0.78125 1.06826
0.788024 1.06445

0.791016 1.06278
0.800781 1.05719

0.800781 1.0572
0.805104 1.05469

0.839844 1.03395
0.83785 1.03516

0.830078 1.03989
0.821697 1.04492

0.820312 1.04574
0.821692 1.04492

0.830078 1.03988
0.837823 1.03516

0.839844 1.03393
0.849609 1.02787

0.859375 1.02173
0.853562 1.02539

0.849609 1.02786
0.853529 1.02539

0.869141 1.01549
0.868918 1.01562

0.869141 1.01548
0.878906 1.00915

0.888672 1.00272
0.883911 1.00586

0.878906 1.00914
0.883883 1.00586

0.888672 1.00272
0.898438 0.996189

0.9375 0.969121
0.926926 0.976562

0.908203 0.989565
0.898578 0.996094

0.917969 0.982862
0.912934 0.986328

0.908203 0.989544
0.912882 0.986328

0.898438 0.996188
0.898579 0.996094

0.917969 0.982845
0.926959 0.976562

0.859375 1.02175
0.868879 1.01562

0.986328 0.932932
0.980326 0.9375

0.996094 0.925422
0.993063 0.927734

0.986328 0.932919
0.993041 0.927734

1.00586 0.917741
1.00557 0.917969

1.00586 0.91774
1.01562 0.909985

0.996094 0.925387
1.00557 0.917969

1.09375 0.843836
1.07618 0.859375

1.03516 0.894191
1.02989 0.898438

1.05469 0.877862
1.05345 0.878906

1.04492 0.886092
1.04179 0.888672

1.03516 0.89412
1.04176 0.888672

1.04492 0.886051
1.05342 0.878906

1.02539 0.90212
1.01784 0.908203

1.01562 0.909977
1.01785 0.908203

1.02539 0.902067
1.02992 0.898438

1.05469 0.877842
1.06445 0.869511

1.07422 0.861063
1.06488 0.869141

1.06445 0.869505
1.06488 0.869141

1.07422 0.861054
1.07615 0.859375

1.17188 0.769376
1.16001 0.78125

1.25 0.685714
1.2345 0.703125

1.21094 0.728689
1.19833 0.742188

1.18164 0.759473
1.17945 0.761719

1.19141 0.749369
1.18892 0.751953

1.18164 0.759435
1.18886 0.751953

1.17188 0.769373
1.17939 0.761719

1.19141 0.749365
1.19823 0.742188

1.2207 0.718247
1.21667 0.722656

1.23047 0.707494
1.2256 0.712891

1.2207 0.718195
1.22551 0.712891

1.21094 0.728799
1.21661 0.722656

1.23047 0.707546
1.23445 0.703125

1.13281 0.807792
1.11939 0.820312

1.10352 0.834972
1.09809 0.839844

1.11328 0.826085
1.1089 0.830078

1.10352 0.834896
1.10885 0.830078

1.09375 0.843798
1.09816 0.839844

1.11328 0.826014
1.11948 0.820312

1.14258 0.798305
1.14002 0.800781

1.15234 0.78883
1.15011 0.791016

1.14258 0.798299
1.1501 0.791016

1.13281 0.807693
1.14006 0.800781

1.15234 0.788796
1.16001 0.78125

0.957031 0.95501
0.954211 0.957031

0.947266 0.96208
0.940707 0.966797

0.9375 0.969067
0.940723 0.966797

0.947266 0.962058
0.954149 0.957031

0.957031 0.954944
0.966797 0.947708

0.976562 0.940369
0.967384 0.947266

0.966797 0.947704
0.967387 0.947266

0.976562 0.940351
0.980353 0.9375

0 1.26098
0.00976562 1.26137

0.00976562 1.26137
0.0195312 1.26169

0.0195312 1.26169
0.0292969 1.26193

0.0292969 1.26193
0.0390625 1.26211

0.0390625 1.26211
0.0488281 1.26222

0.0488281 1.26222
0.0585938 1.26225

0.0585938 1.26225
0.0683594 1.26222

0.0683594 1.26222
0.078125 1.26212

0.078125 1.26212
0.0878906 1.26194

0.0878906 1.26194
0.0976562 1.2617

0.0976562 1.2617
0.107422 1.26138

0.107422 1.26138
0.117188 1.261

0.117188 1.261
0.126953 1.26054

0.126953 1.26054
0.136719 1.26002

0.146484 1.25943
0.140909 1.25977

0.136719 1.26002
0.140929 1.25977

0.146484 1.25943
0.15625 1.25876

0.15625 1.25876
0.166016 1.25803

0.166016 1.25803
0.175781 1.25723

0.175781 1.25723
0.185547 1.25636

0.185547 1.25636
0.195312 1.25542

0.195312 1.25542
0.205078 1.25441

0.205078 1.25441
0.214844 1.25333

0.214844 1.25333
0.224609 1.25218

0.224609 1.25218
0.234375 1.25097

0.234375 1.25098
0.241629 1.25

1.5625 0.221562
1.55602 0.234375

1.52344 0.295695
1.51411 0.3125

1.54297 0.25945
1.54074 0.263672

1.54073 0.263672
1.53552 0.273438

1.55273 0.240743
1.55098 0.244141

1.55097 0.244141
1.54588 0.253906

1.55273 0.240698
1.55599 0.234375

1.54297 0.259406
1.54587 0.253906

1.5332 0.277792
1.53029 0.283203

1.53026 0.283203
1.52493 0.292969

1.5332 0.277678
1.53549 0.273438

1.52344 0.29567
1.52493 0.292969

1.30859 0.616164
1.30143 0.625

1.31836 0.603974
1.31718 0.605469

1.32812 0.5916
1.32496 0.595703

1.31836 0.603976
1.32492 0.595703

1.31718 0.605469
1.30935 0.615234

1.30859 0.616154
1.30933 0.615234

1.36719 0.54012
1.36233 0.546875

1.40625 0.485312
1.40424 0.488281

1.39648 0.499375
1.39055 0.507812

1.4042 0.488281
1.39741 0.498047

1.39648 0.499341
1.39738 0.498047

1.37695 0.526816
1.37658 0.527344

1.38672 0.513205
1.38362 0.517578

1.37695 0.526808
1.3836 0.517578

1.37657 0.527344
1.36945 0.537109

1.36719 0.54017
1.36939 0.537109

1.38672 0.513174
1.39053 0.507812

1.34766 0.566332
1.3476 0.566406

1.33789 0.579092
1.33259 0.585938

1.3476 0.566406
1.34013 0.576172

1.33789 0.579018
1.34006 0.576172

1.35742 0.553321
1.35499 0.556641

1.34766 0.566329
1.35497 0.556641

1.35742 0.553356
1.36226 0.546875

1.32812 0.591618
1.33252 0.585938

1.48438 0.363736
1.47996 0.371094

1.47461 0.379899
1.47403 0.380859

1.47402 0.380859
1.46803 0.390625

1.47461 0.379894
1.47995 0.371094

1.44531 0.426629
1.44339 0.429688

1.42578 0.45643
1.42411 0.458984

1.4241 0.458984
1.41754 0.46875

1.43555 0.441679
1.43059 0.449219

1.44335 0.429688
1.437 0.439453

1.43555 0.44164
1.43696 0.439453

1.42578 0.456451
1.43059 0.449219

1.46484 0.395792
1.46199 0.400391

1.46196 0.400391
1.45583 0.410156

1.45508 0.411347
1.44963 0.419922

1.44531 0.426616
1.44961 0.419922

1.45508 0.411307
1.45579 0.410156

1.46484 0.395719
1.46801 0.390625

1.50391 0.330465
1.50301 0.332031

1.49414 0.347295
1.49164 0.351562

1.50298 0.332031
1.49732 0.341797

1.49414 0.347173
1.49729 0.341797

1.51367 0.313235
1.50857 0.322266

1.50391 0.3304
1.50856 0.322266

1.51367 0.313242
1.51409 0.3125

1.4916 0.351562
1.48581 0.361328

1.48438 0.363668
1.48578 0.361328

1.41602 0.47101
1.41092 0.478516

1.40625 0.485284
1.4109 0.478516

1.41602 0.470969
1.41749 0.46875

1.64062 0.0486748
1.64056 0.0488281

1.64058 0.0488281
1.63663 0.0585938

1.63086 0.0726501
1.62858 0.078125

1.63663 0.0585938
1.63262 0.0683594

1.63086 0.0725438
1.6326 0.0683594

1.60156 0.140018
1.59412 0.15625

1.62109 0.0958488
1.62032 0.0976562

1.62029 0.0976562
1.61607 0.107422

1.61607 0.107422
1.61178 0.117188

1.62857 0.078125
1.62446 0.0878906

1.62109 0.0957532
1.62445 0.0878906

1.61133 0.11822
1.60745 0.126953

1.60745 0.126953
1.60305 0.136719

1.61133 0.118163
1.61176 0.117188

1.60156 0.139989
1.60305 0.136719

1.65955 0
1.65586 0.00976562

1.65586 0.00976562
1.65211 0.0195312

1.65039 0.0240333
1.64835 0.0292969

1.64832 0.0292969
1.64447 0.0390625

1.65039 0.0238859
1.65208 0.0195312

1.64062 0.0486696
1.64449 0.0390625

1.58203 0.181831
1.58025 0.185547

1.58024 0.185547
1.57551 0.195312

1.5918 0.161197
1.58954 0.166016

1.58953 0.166016
1.58491 0.175781

1.5918 0.161155
1.59409 0.15625

1.58203 0.181777
1.5849 0.175781

1.57227 0.201995
1.57075 0.205078

1.57072 0.205078
1.56587 0.214844

1.57227 0.201884
1.57549 0.195312

1.5625 0.221563
1.56587 0.214844

1.26953 0.663204
1.2688 0.664062

1.28906 0.640005
1.28535 0.644531

1.2793 0.651683
1.2771 0.654297

1.26953 0.663189
1.2771 0.654297

1.2793 0.651685
1.2853 0.644531

1.25977 0.674526
1.25185 0.683594

1.26879 0.664062
1.26037 0.673828

1.25977 0.674512
1.26036 0.673828

1.25 0.685679
1.25183 0.683594

1.29883 0.628175
1.29343 0.634766

1.28906 0.640026
1.29335 0.634766

1.29883 0.628151
1.30138 0.625

