-0.380859 -1.25674
-0.388531 -1.25

-0.371094 -1.26541
-0.377527 -1.25977

-0.380859 -1.25669
-0.377369 -1.25977

-0.361328 -1.27422
-0.366597 -1.26953

-0.351562 -1.28298
-0.355673 -1.2793

-0.361328 -1.27422
-0.355625 -1.2793

-0.371094 -1.26537
-0.366411 -1.26953

-0.341797 -1.29192
-0.344946 -1.28906

-0.332031 -1.30087
-0.334265 -1.29883

-0.341797 -1.29187
-0.334152 -1.29883

-0.322266 -1.30984
-0.323619 -1.30859

-0.3125 -1.31889
-0.313066 -1.31836

-0.322266 -1.3098
-0.31305 -1.31836

-0.332031 -1.3008
-0.323572 -1.30859

-0.351562 -1.28301
-0.34481 -1.28906

-0.0390625 -1.57308
-0.0515764 -1.5625

0 -1.60531
-0.00467944 -1.60156

-0.0195312 -1.5894
-0.0284154 -1.58203

-0.0390625 -1.5731
-0.0292969 -1.5813

-0.0292969 -1.58128
-0.0283974 -1.58203

-0.00976562 -1.59739
-0.0166091 -1.5918

-0.0195312 -1.5894
-0.0165873 -1.5918

-0.00976562 -1.59738
-0.00452168 -1.60156

-0.214844 -1.41198
-0.22084 -1.40625

-0.195312 -1.43069
-0.200472 -1.42578

-0.205078 -1.42133
-0.210661 -1.41602

-0.214844 -1.4119
-0.21054 -1.41602

-0.205078 -1.42125
-0.200323 -1.42578

-0.175781 -1.44933
-0.180017 -1.44531

-0.15625 -1.46781
-0.159404 -1.46484

-0.166016 -1.45857
-0.169712 -1.45508

-0.175781 -1.44926
-0.169612 -1.45508

-0.166016 -1.45853
-0.159278 -1.46484

-0.185547 -1.43999
-0.19023 -1.43555

-0.195312 -1.43062
-0.190126 -1.43555

-0.185547 -1.43993
-0.179867 -1.44531

-0.292969 -1.33721
-0.302608 -1.32812

-0.273438 -1.35578
-0.281984 -1.34766

-0.283203 -1.34648
-0.29226 -1.33789

-0.292969 -1.33718
-0.292217 -1.33789

-0.283203 -1.34644
-0.281923 -1.34766

-0.253906 -1.37441
-0.261523 -1.36719

-0.234375 -1.39318
-0.241135 -1.38672

-0.244141 -1.38378
-0.251309 -1.37695

-0.253906 -1.37435
-0.251178 -1.37695

-0.244141 -1.3837
-0.240992 -1.38672

-0.263672 -1.36508
-0.27174 -1.35742

-0.273438 -1.35573
-0.271656 -1.35742

-0.263672 -1.36501
-0.26139 -1.36719

-0.3125 -1.31887
-0.302734 -1.328

-0.302734 -1.328
-0.302601 -1.32812

-0.224609 -1.40258
-0.230981 -1.39648

-0.234375 -1.3931
-0.230847 -1.39648

-0.224609 -1.40249
-0.220695 -1.40625

-0.136719 -1.48607
-0.138546 -1.48438

-0.117188 -1.50408
-0.117374 -1.50391

-0.126953 -1.49511
-0.127998 -1.49414

-0.136719 -1.48603
-0.127967 -1.49414

-0.126953 -1.49508
-0.117365 -1.50391

-0.0878906 -1.5306
-0.0958838 -1.52344

-0.078125 -1.53927
-0.0850122 -1.5332

-0.0878906 -1.53054
-0.0848824 -1.5332

-0.117188 -1.50407
-0.107422 -1.51299

-0.0976562 -1.52183
-0.106665 -1.51367

-0.107422 -1.51296
-0.106636 -1.51367

-0.0976562 -1.52175
-0.0957778 -1.52344

-0.146484 -1.47694
-0.148975 -1.47461

-0.15625 -1.46778
-0.148906 -1.47461

-0.146484 -1.47692
-0.13847 -1.48438

-0.0683594 -1.54789
-0.0740331 -1.54297

-0.0585938 -1.55636
-0.0628219 -1.55273

-0.0683594 -1.5479
-0.0627267 -1.55273

-0.078125 -1.53921
-0.0738341 -1.54297

-0.0585938 -1.55636
-0.0514536 -1.5625

-0.9375 -0.785677
-0.941337 -0.78125

-1.05469 -0.628608
-1.05695 -0.625

-1.01562 -0.687142
-1.01812 -0.683594

-1.02539 -0.673213
-1.03165 -0.664062

-1.01815 -0.683594
-1.02497 -0.673828

-1.02539 -0.673204
-1.02497 -0.673828

-1.03516 -0.658827
-1.03818 -0.654297

-1.03818 -0.654297
-1.04457 -0.644531

-1.04492 -0.643982
-1.05082 -0.634766

-1.05469 -0.628591
-1.05082 -0.634766

-1.04492 -0.643968
-1.04457 -0.644531

-1.03516 -0.658811
-1.03164 -0.664062

-0.996094 -0.713786
-0.996765 -0.712891

-0.996774 -0.712891
-1.00405 -0.703125

-0.986328 -0.726555
-0.989288 -0.722656

-0.976562 -0.738973
-0.981752 -0.732422

-0.986328 -0.72654
-0.981765 -0.732422

-0.996094 -0.713785
-0.989341 -0.722656

-0.957031 -0.762886
-0.958005 -0.761719

-0.966797 -0.751074
-0.973998 -0.742188

-0.958009 -0.761719
-0.966085 -0.751953

-0.966797 -0.75107
-0.966079 -0.751953

-0.947266 -0.774403
-0.949748 -0.771484

-0.957031 -0.762877
-0.949768 -0.771484

-0.947266 -0.774384
-0.941374 -0.78125

-0.976562 -0.738928
-0.973993 -0.742188

-1.00586 -0.700652
-1.01118 -0.693359

-1.01562 -0.687131
-1.01118 -0.693359

-1.00586 -0.700608
-1.00405 -0.703125

-0.78125 -0.938123
-0.781983 -0.9375

-0.78125 -0.938123
-0.771484 -0.946375

-0.761719 -0.954524
-0.770415 -0.947266

-0.771484 -0.946377
-0.770421 -0.947266

-0.751953 -0.962564
-0.75868 -0.957031

-0.742188 -0.970506
-0.746821 -0.966797

-0.751953 -0.96261
-0.746747 -0.966797

-0.761719 -0.954545
-0.758686 -0.957031

-0.732422 -0.978437
-0.734768 -0.976562

-0.732422 -0.978429
-0.722656 -0.986243

-0.703125 -1.00165
-0.7102 -0.996094

-0.712891 -0.993983
-0.722546 -0.986328

-0.722656 -0.986241
-0.722546 -0.986328

-0.712891 -0.994002
-0.710203 -0.996094

-0.742188 -0.970535
-0.734724 -0.976562

-0.683594 -1.01683
-0.685174 -1.01562

-0.683594 -1.01683
-0.673828 -1.02434

-0.664062 -1.03181
-0.67245 -1.02539

-0.673828 -1.02434
-0.672445 -1.02539

-0.625 -1.06137
-0.633863 -1.05469

-0.654297 -1.03922
-0.659669 -1.03516

-0.644531 -1.04664
-0.646832 -1.04492

-0.654297 -1.03923
-0.646788 -1.04492

-0.664062 -1.03183
-0.659634 -1.03516

-0.644531 -1.04664
-0.634766 -1.05401

-0.634766 -1.05401
-0.633863 -1.05469

-0.693359 -1.00924
-0.697783 -1.00586

-0.703125 -1.00167
-0.697715 -1.00586

-0.693359 -1.00927
-0.685142 -1.01562

-0.859375 -0.86749
-0.867729 -0.859375

-0.898438 -0.828268
-0.905961 -0.820312

-0.917969 -0.807445
-0.923972 -0.800781

-0.927734 -0.796682
-0.932736 -0.791016

-0.9375 -0.785617
-0.932802 -0.791016

-0.927734 -0.79665
-0.924039 -0.800781

-0.908203 -0.817963
-0.91506 -0.810547

-0.917969 -0.807426
-0.915108 -0.810547

-0.908203 -0.817958
-0.905994 -0.820312

-0.878906 -0.84827
-0.887203 -0.839844

-0.888672 -0.838368
-0.896674 -0.830078

-0.898438 -0.828264
-0.896699 -0.830078

-0.888672 -0.838366
-0.887227 -0.839844

-0.869141 -0.857965
-0.877565 -0.849609

-0.878906 -0.848267
-0.877568 -0.849609

-0.869141 -0.857967
-0.867709 -0.859375

-0.820312 -0.903922
-0.826436 -0.898438

-0.839844 -0.886027
-0.84747 -0.878906

-0.849609 -0.876844
-0.857693 -0.869141

-0.859375 -0.867495
-0.857669 -0.869141

-0.849609 -0.876852
-0.847438 -0.878906

-0.830078 -0.895045
-0.837058 -0.888672

-0.839844 -0.88604
-0.837006 -0.888672

-0.830078 -0.895071
-0.826374 -0.898438

-0.800781 -0.92125
-0.804552 -0.917969

-0.810547 -0.912661
-0.815599 -0.908203

-0.820312 -0.903961
-0.815545 -0.908203

-0.810547 -0.912736
-0.80452 -0.917969

-0.791016 -0.929761
-0.793368 -0.927734

-0.800781 -0.921288
-0.793346 -0.927734

-0.791016 -0.929764
-0.781981 -0.9375

-1.09375 -0.561097
-1.09613 -0.556641

-1.09613 -0.556641
-1.10123 -0.546875

-1.13281 -0.480509
-1.13369 -0.478516

-1.13369 -0.478516
-1.13788 -0.46875

-1.11328 -0.522808
-1.11582 -0.517578

-1.11582 -0.517578
-1.12045 -0.507812

-1.10352 -0.542398
-1.10621 -0.537109

-1.10621 -0.537109
-1.11107 -0.527344

-1.10352 -0.542384
-1.10122 -0.546875

-1.11328 -0.522795
-1.11107 -0.527344

-1.12305 -0.50222
-1.12498 -0.498047

-1.12498 -0.498047
-1.12939 -0.488281

-1.12305 -0.502208
-1.12045 -0.507812

-1.13281 -0.480504
-1.12939 -0.488281

-1.17188 -0.378196
-1.17419 -0.371094

-1.17419 -0.371094
-1.17729 -0.361328

-1.17729 -0.361328
-1.18029 -0.351562

-1.18164 -0.347025
-1.1832 -0.341797

-1.1832 -0.341797
-1.18601 -0.332031

-1.18164 -0.347015
-1.18029 -0.351562

-1.18601 -0.332031
-1.18874 -0.322266

-1.18874 -0.322266
-1.19137 -0.3125

-1.15234 -0.432972
-1.15361 -0.429688

-1.14258 -0.4575
-1.14596 -0.449219

-1.13788 -0.46875
-1.14197 -0.458984

-1.14258 -0.457496
-1.14197 -0.458984

-1.14596 -0.449219
-1.14984 -0.439453

-1.15234 -0.432964
-1.14983 -0.439453

-1.15361 -0.429688
-1.15729 -0.419922

-1.15729 -0.419922
-1.16086 -0.410156

-1.16211 -0.406663
-1.16434 -0.400391

-1.16434 -0.400391
-1.16772 -0.390625

-1.16211 -0.406652
-1.16086 -0.410156

-1.16772 -0.390625
-1.171 -0.380859

-1.17188 -0.378189
-1.171 -0.380859

-1.07422 -0.596186
-1.0745 -0.595703

-1.0745 -0.595703
-1.0801 -0.585938

-1.06445 -0.612689
-1.06878 -0.605469

-1.05694 -0.625
-1.06293 -0.615234

-1.06445 -0.612677
-1.06292 -0.615234

-1.07422 -0.596184
-1.06878 -0.605469

-1.08398 -0.578998
-1.08557 -0.576172

-1.08556 -0.576172
-1.09091 -0.566406

-1.08398 -0.57899
-1.08009 -0.585938

-1.09375 -0.561083
-1.0909 -0.566406

-1.19141 -0.312362
-1.19392 -0.302734

-1.19392 -0.302734
-1.19637 -0.292969

-1.19637 -0.292969
-1.19874 -0.283203

-1.19874 -0.283203
-1.20102 -0.273438

-1.19141 -0.312363
-1.19137 -0.3125

-1.20117 -0.272751
-1.20321 -0.263672

-1.20321 -0.263672
-1.20532 -0.253906

-1.20117 -0.272751
-1.20102 -0.273438

-1.20532 -0.253906
-1.20734 -0.244141

-1.20734 -0.244141
-1.20928 -0.234375

-1.21094 -0.22564
-1.21113 -0.224609

-1.21113 -0.224609
-1.21291 -0.214844

-1.21291 -0.214844
-1.2146 -0.205078

-1.2146 -0.205078
-1.2162 -0.195312

-1.2162 -0.195312
-1.21773 -0.185547

-1.21773 -0.185547
-1.21917 -0.175781

-1.2207 -0.164706
-1.22181 -0.15625

-1.21917 -0.175781
-1.22053 -0.166016

-1.2207 -0.164708
-1.22053 -0.166016

-1.21094 -0.22564
-1.20928 -0.234375

-1.22181 -0.15625
-1.22301 -0.146484

-1.22301 -0.146484
-1.22413 -0.136719

-1.22413 -0.136719
-1.22517 -0.126953

-1.22517 -0.126953
-1.22613 -0.117188

-1.22613 -0.117188
-1.22701 -0.107422

-1.22701 -0.107422
-1.22782 -0.0976562

-1.22782 -0.0976562
-1.22854 -0.0878906

-1.22854 -0.0878906
-1.22919 -0.078125

-1.23047 -0.0533248
-1.23066 -0.0488281

-1.23066 -0.0488281
-1.23099 -0.0390625

-1.22919 -0.078125
-1.22976 -0.0683594

-1.22976 -0.0683594
-1.23025 -0.0585938

-1.23047 -0.0533468
-1.23025 -0.0585938

-1.23099 -0.0390625
-1.23125 -0.0292969

-1.23125 -0.0292969
-1.23143 -0.0195312

-1.23143 -0.0195312
-1.23153 -0.00976562

-1.23153 -0.00976562
-1.23156 0

-0.576172 -1.09823
-0.582102 -1.09375

-0.566406 -1.10567
-0.569283 -1.10352

-0.576172 -1.09822
-0.569199 -1.10352

-0.546875 -1.12055
-0.556386 -1.11328

-0.566406 -1.10565
-0.556641 -1.11309

-0.556641 -1.11308
-0.556382 -1.11328

-0.478516 -1.17426
-0.481497 -1.17188

-0.46875 -1.18215
-0.469381 -1.18164

-0.478516 -1.17422
-0.469371 -1.18164

-0.527344 -1.13561
-0.531021 -1.13281

-0.517578 -1.14319
-0.518373 -1.14258

-0.527344 -1.13559
-0.51835 -1.14258

-0.517578 -1.14318
-0.507812 -1.15083

-0.537109 -1.12806
-0.543633 -1.12305

-0.546875 -1.12057
-0.543582 -1.12305

-0.537109 -1.12803
-0.530911 -1.13281

-0.498047 -1.15856
-0.50591 -1.15234

-0.488281 -1.16634
-0.493638 -1.16211

-0.498047 -1.15858
-0.493534 -1.16211

-0.507812 -1.15079
-0.505829 -1.15234

-0.488281 -1.16633
-0.481393 -1.17188

-0.605469 -1.07611
-0.608014 -1.07422

-0.615234 -1.06873
-0.620919 -1.06445

-0.625 -1.06138
-0.620851 -1.06445

-0.615234 -1.06871
-0.607936 -1.07422

-0.605469 -1.07609
-0.595703 -1.08347

-0.585938 -1.09085
-0.595017 -1.08398

-0.595703 -1.08347
-0.595015 -1.08398

-0.585938 -1.09088
-0.582058 -1.09375

-0.429688 -1.21455
-0.433992 -1.21094

-0.449219 -1.19819
-0.457438 -1.19141

-0.46875 -1.18214
-0.458984 -1.19013

-0.458984 -1.19009
-0.457377 -1.19141

-0.439453 -1.20634
-0.445694 -1.20117

-0.449219 -1.19813
-0.44552 -1.20117

-0.439453 -1.20633
-0.433886 -1.21094

-0.410156 -1.23121
-0.411025 -1.23047

-0.419922 -1.22286
-0.422465 -1.2207

-0.429688 -1.21452
-0.4224 -1.2207

-0.419922 -1.22283
-0.411003 -1.23047

-0.410156 -1.23119
-0.400391 -1.23963

-0.390625 -1.24814
-0.399699 -1.24023

-0.400391 -1.23961
-0.399675 -1.24023

-0.390625 -1.24811
-0.388461 -1.25

-1.23156 0
-1.2315 0.00976562

-1.2315 0.00976562
-1.23137 0.0195312

-1.23137 0.0195312
-1.23116 0.0292969

-1.23116 0.0292969
-1.23088 0.0390625

-1.23088 0.0390625
-1.23052 0.0488281

-1.23052 0.0488281
-1.23047 0.0499045

-1.23047 0.0498862
-1.23008 0.0585938

-1.23008 0.0585938
-1.22956 0.0683594

-1.22956 0.0683594
-1.22896 0.078125

-1.22896 0.078125
-1.22829 0.0878906

-1.22829 0.0878906
-1.22753 0.0976562

-1.22753 0.0976562
-1.2267 0.107422

-1.2267 0.107422
-1.22579 0.117188

-1.22579 0.117188
-1.22481 0.126953

-1.22481 0.126953
-1.22374 0.136719

-1.22374 0.136719
-1.2226 0.146484

-1.2226 0.146484
-1.22138 0.15625

-1.22138 0.15625
-1.2207 0.161297

-1.2207 0.161299
-1.22008 0.166016

-1.22008 0.166016
-1.2187 0.175781

-1.2187 0.175781
-1.21724 0.185547

-1.21724 0.185547
-1.2157 0.195312

-1.2157 0.195312
-1.21409 0.205078

-1.21409 0.205078
-1.21239 0.214844

-1.21239 0.214844
-1.21094 0.222839

-1.21094 0.222845
-1.21062 0.224609

-1.21062 0.224609
-1.20876 0.234375

-1.20876 0.234375
-1.20682 0.244141

-1.20682 0.244141
-1.2048 0.253906

-1.2048 0.253906
-1.2027 0.263672

-1.2027 0.263672
-1.20117 0.270535

-1.20117 0.270541
-1.20053 0.273438

-1.20052 0.273438
-1.19826 0.283203

-1.19826 0.283203
-1.19592 0.292969

-1.19592 0.292969
-1.1935 0.302734

-1.1935 0.302734
-1.19141 0.31089

-1.19141 0.310895
-1.19099 0.3125

-1.19099 0.3125
-1.1884 0.322266

-1.1884 0.322266
-1.18573 0.332031

-1.18573 0.332031
-1.18297 0.341797

-1.18297 0.341797
-1.18164 0.346358

-1.18164 0.346372
-1.18013 0.351562

-1.18013 0.351562
-1.1772 0.361328

-1.1772 0.361328
-1.17418 0.371094

-1.17418 0.371094
-1.17188 0.378338

-1.17188 0.378349
-1.17108 0.380859

-1.17107 0.380859
-1.16788 0.390625

-1.16788 0.390625
-1.1646 0.400391

-1.1646 0.400391
-1.16211 0.407607

-1.16211 0.407617
-1.16123 0.410156

-1.16123 0.410156
-1.15777 0.419922

-1.15777 0.419922
-1.15422 0.429688

-1.15422 0.429688
-1.15234 0.434717

-1.15234 0.434732
-1.15058 0.439453

-1.15058 0.439453
-1.14685 0.449219

-1.14685 0.449219
-1.14302 0.458984

-1.14302 0.458984
-1.14258 0.460082

-1.14258 0.460086
-1.1391 0.46875

-1.1391 0.46875
-1.13508 0.478516

-1.13508 0.478516
-1.13281 0.483894

-1.13281 0.483917
-1.13097 0.488281

-1.13097 0.488281
-1.12676 0.498047

-1.12676 0.498047
-1.12305 0.506457

-1.12305 0.506464
-1.12245 0.507812

-1.12245 0.507812
-1.11804 0.517578

-1.11804 0.517578
-1.11354 0.527344

-1.11354 0.527344
-1.11328 0.527883

-1.11328 0.527884
-1.10893 0.537109

-1.10893 0.537109
-1.10422 0.546875

-1.10422 0.546875
-1.10352 0.548301

-1.10352 0.548308
-1.09941 0.556641

-1.09941 0.556641
-1.09449 0.566406

-1.09449 0.566406
-1.09375 0.567847

-1.09375 0.567854
-1.08947 0.576172

-1.08947 0.576172
-1.08434 0.585938

-1.08434 0.585938
-1.08398 0.586605

-1.08398 0.586607
-1.0791 0.595703

-1.0791 0.595703
-1.07422 0.604621

-1.07422 0.604627
-1.07376 0.605469

-1.07375 0.605469
-1.06829 0.615234

-1.06829 0.615234
-1.06445 0.621947

-1.06445 0.621968
-1.06272 0.625

-1.06271 0.625
-1.05702 0.634766

-1.05701 0.634766
-1.05469 0.638667

-1.05469 0.638691
-1.05121 0.644531

-1.0512 0.644531
-1.04527 0.654297

-1.04527 0.654297
-1.04492 0.654871

-1.04492 0.654857
-1.03921 0.664062

-1.03921 0.664062
-1.03516 0.670463

-1.03516 0.67049
-1.03305 0.673828

-1.03303 0.673828
-1.02672 0.683594

-1.02672 0.683594
-1.02539 0.685646

-1.02539 0.685616
-1.02029 0.693359

-1.02028 0.693359
-1.01562 0.700274

-1.01562 0.700309
-1.01378 0.703125

-1.01372 0.703125
-1.00702 0.712891

-1.00701 0.712891
-1.00586 0.71458

-1.00586 0.714544
-1.00018 0.722656

-1.00017 0.722656
-0.996094 0.728362

-0.996094 0.728391
-0.993235 0.732422

-0.993207 0.732422
-0.986328 0.74186

-0.986328 0.741862
-0.986091 0.742188

-0.98609 0.742188
-0.978829 0.751953

-0.978818 0.751953
-0.976562 0.754989

-0.976562 0.754936
-0.971418 0.761719

-0.971397 0.761719
-0.966797 0.767681

-0.966797 0.767712
-0.963923 0.771484

-0.963866 0.771484
-0.957031 0.780138

-0.957031 0.78015
-0.956161 0.78125

-0.956155 0.78125
-0.948284 0.791016

-0.948278 0.791016
-0.947266 0.792261

-0.947266 0.792255
-0.940253 0.800781

-0.940236 0.800781
-0.9375 0.804088

-0.9375 0.804048
-0.932067 0.810547

-0.932017 0.810547
-0.927734 0.815638

-0.927734 0.81558
-0.923717 0.820312

-0.923663 0.820312
-0.917969 0.826891

-0.917969 0.826871
-0.915165 0.830078

-0.915144 0.830078
-0.908203 0.837872

-0.908203 0.83789
-0.906449 0.839844

-0.906439 0.839844
-0.898438 0.848622

-0.898438 0.848593
-0.888483 0.859375

-0.888428 0.859375
-0.879107 0.869141

-0.879106 0.869141
-0.878906 0.869348

-0.878906 0.869348
-0.869587 0.878906

-0.869583 0.878906
-0.869141 0.879355

-0.869141 0.879355
-0.85986 0.888672

-0.859865 0.888672
-0.859375 0.889158

-0.859375 0.889159
-0.849907 0.898438

-0.849918 0.898438
-0.849609 0.898737

-0.849609 0.898738
-0.839844 0.908122

-0.839844 0.908121
-0.839757 0.908203

-0.839755 0.908203
-0.830078 0.917307

-0.830078 0.917302
-0.82936 0.917969

-0.829359 0.917969
-0.820312 0.926302

-0.820312 0.926295
-0.818728 0.927734

-0.818729 0.927734
-0.810547 0.935106

-0.810547 0.935108
-0.807847 0.9375

-0.807865 0.9375
-0.800781 0.943717

-0.800781 0.943756
-0.796706 0.947266

-0.796754 0.947266
-0.791016 0.952135

-0.791016 0.952216
-0.78527 0.957031

-0.785338 0.957031
-0.78125 0.960446

-0.78125 0.960472
-0.773641 0.966797

-0.773647 0.966797
-0.771484 0.968572

-0.771484 0.968587
-0.761719 0.976541

-0.761719 0.976541
-0.761692 0.976562

-0.761691 0.976562
-0.751953 0.984336

-0.751953 0.984328
-0.749382 0.986328

-0.749413 0.986328
-0.742188 0.991981

-0.742188 0.991988
-0.736813 0.996094

-0.736847 0.996094
-0.732422 0.999428

-0.732422 0.999464
-0.723917 1.00586

-0.723919 1.00586
-0.722656 1.00679

-0.722656 1.00681
-0.712891 1.014

-0.712891 1.01402
-0.710634 1.01562

-0.71068 1.01562
-0.703125 1.02103

-0.703125 1.02106
-0.697023 1.02539

-0.697033 1.02539
-0.693359 1.02796

-0.693359 1.02798
-0.683594 1.03477

-0.683594 1.03477
-0.683018 1.03516

-0.683024 1.03516
-0.673828 1.04142

-0.673828 1.04141
-0.66857 1.04492

-0.668602 1.04492
-0.664062 1.04795

-0.664062 1.04796
-0.653711 1.05469

-0.653766 1.05469
-0.644531 1.06063

-0.644531 1.06063
-0.638472 1.06445

-0.638485 1.06445
-0.634766 1.0668

-0.634766 1.06679
-0.625 1.07283

-0.625 1.07283
-0.622703 1.07422

-0.622715 1.07422
-0.615234 1.07875

-0.615234 1.07875
-0.606418 1.08398

-0.60642 1.08398
-0.605469 1.08454

-0.605469 1.08455
-0.595703 1.09023

-0.595703 1.09022
-0.58952 1.09375

-0.589532 1.09375
-0.585938 1.09581

-0.585938 1.0958
-0.576172 1.10125

-0.576172 1.10125
-0.572033 1.10352

-0.57204 1.10352
-0.566406 1.1066

-0.566406 1.1066
-0.556641 1.11183

-0.556641 1.11183
-0.553872 1.11328

-0.553878 1.11328
-0.546875 1.11696

-0.546875 1.11696
-0.537109 1.12198

-0.537109 1.12197
-0.534977 1.12305

-0.534982 1.12305
-0.527344 1.12689

-0.527344 1.12689
-0.517578 1.1317

-0.517578 1.13168
-0.515238 1.13281

-0.515246 1.13281
-0.507812 1.13644

-0.507812 1.13641
-0.498047 1.14102

-0.498047 1.14102
-0.494662 1.14258

-0.494663 1.14258
-0.488281 1.14552

-0.488281 1.14552
-0.478516 1.14993

-0.478516 1.14993
-0.473048 1.15234

-0.473049 1.15234
-0.46875 1.15424

-0.46875 1.15424
-0.458984 1.15846

-0.458984 1.15846
-0.450328 1.16211

-0.450326 1.16211
-0.449219 1.16258

-0.449219 1.16258
-0.439453 1.1666

-0.439453 1.1666
-0.429688 1.17054

-0.429688 1.17054
-0.426266 1.17188

-0.426299 1.17188
-0.419922 1.17439

-0.419922 1.17438
-0.410156 1.17814

-0.410156 1.17814
-0.400815 1.18164

-0.400812 1.18164
-0.400391 1.1818

-0.400391 1.1818
-0.390625 1.18537

-0.390625 1.18537
-0.380859 1.18886

-0.380859 1.18886
-0.373544 1.19141

-0.373545 1.19141
-0.371094 1.19226

-0.371094 1.19226
-0.361328 1.19557

-0.361328 1.19557
-0.351562 1.1988

-0.351562 1.1988
-0.344217 1.20117

-0.344214 1.20117
-0.341797 1.20195

-0.341797 1.20195
-0.332031 1.20502

-0.332031 1.20502
-0.322266 1.208

-0.322266 1.208
-0.3125 1.21089

-0.3125 1.21089
-0.312348 1.21094

-0.312343 1.21094
-0.302734 1.21371

-0.302734 1.21371
-0.292969 1.21644

-0.292969 1.21644
-0.283203 1.21909

-0.283203 1.21909
-0.277068 1.2207

-0.277054 1.2207
-0.273438 1.22165

-0.273438 1.22166
-0.263672 1.22415

-0.263672 1.22415
-0.253906 1.22655

-0.253906 1.22655
-0.244141 1.22888

-0.244141 1.22888
-0.23726 1.23047

-0.237248 1.23047
-0.234375 1.23113

-0.234375 1.23113
-0.224609 1.23331

-0.224609 1.2333
-0.214844 1.2354

-0.214844 1.2354
-0.205078 1.23742

-0.205078 1.23742
-0.195312 1.23937

-0.195312 1.23937
-0.190787 1.24023

-0.190781 1.24023
-0.185547 1.24124

-0.185547 1.24124
-0.175781 1.24304

-0.175781 1.24304
-0.166016 1.24476

-0.166016 1.24476
-0.15625 1.24641

-0.15625 1.24641
-0.146484 1.24798

-0.146484 1.24798
-0.136719 1.24948

-0.136719 1.24949
-0.133198 1.25

-0.133165 1.25
-0.126953 1.25091

-0.126953 1.25091
-0.117188 1.25226

-0.117188 1.25226
-0.107422 1.25353

-0.107422 1.25353
-0.0976562 1.25473

-0.0976562 1.25473
-0.0878906 1.25585

-0.0878906 1.25585
-0.078125 1.25691

-0.078125 1.25691
-0.0683594 1.25789

-0.0683594 1.25789
-0.0585938 1.2588

-0.0585938 1.2588
-0.0488281 1.25964

-0.0488281 1.25964
-0.0471957 1.25977

-0.0471739 1.25977
-0.0390625 1.2604

-0.0390625 1.2604
-0.0292969 1.2611

-0.0292969 1.2611
-0.0195312 1.26172

-0.0195312 1.26172
-0.00976562 1.26227

-0.00976562 1.26227
0 1.26275

0.546875 -1.87922
0.527387 -1.875

0.546875 -1.8792
0.556641 -1.88116

0.556641 -1.88116
0.566406 -1.88303

0.576172 -1.88481
0.575945 -1.88477

0.566406 -1.88303
0.575942 -1.88477

0.576172 -1.88481
0.585938 -1.88648

0.585938 -1.88648
0.595703 -1.88806

0.595703 -1.88806
0.605469 -1.88955

0.605469 -1.88955
0.615234 -1.89093

0.615234 -1.89093
0.625 -1.89222

0.0488281 -1.64329
0.0452254 -1.64062

0.0585938 -1.65054
0.0583956 -1.65039

0.0488281 -1.64324
0.0584034 -1.65039

0.078125 -1.66482
0.0716915 -1.66016

0.0585938 -1.65053
0.0683594 -1.65772

0.0683594 -1.6577
0.0718068 -1.66016

0.00976562 -1.61311
0.00750075 -1.61133

0 -1.60527
0.00759851 -1.61133

0.00976562 -1.61307
0.0195312 -1.62076

0.0292969 -1.62835
0.0199599 -1.62109

0.0390625 -1.63588
0.032516 -1.63086

0.0292969 -1.6283
0.0326801 -1.63086

0.0195312 -1.62073
0.0200024 -1.62109

0.0390625 -1.6358
0.0454337 -1.64062

0.107422 -1.68541
0.0991546 -1.67969

0.117188 -1.69206
0.113341 -1.68945

0.107422 -1.68539
0.113386 -1.68945

0.0878906 -1.67178
0.0852163 -1.66992

0.078125 -1.66479
0.0853139 -1.66992

0.0878906 -1.67177
0.0976562 -1.67864

0.0976562 -1.67859
0.0992702 -1.67969

0.136719 -1.70502
0.127906 -1.69922

0.117188 -1.69205
0.126953 -1.69859

0.126953 -1.69861
0.127901 -1.69922

0.146484 -1.71131
0.142875 -1.70898

0.136719 -1.70504
0.142823 -1.70898

0.146484 -1.71134
0.15625 -1.71754

0.166016 -1.72365
0.158166 -1.71875

0.175781 -1.72964
0.173922 -1.72852

0.166016 -1.72363
0.173983 -1.72852

0.195312 -1.74129
0.190216 -1.73828

0.175781 -1.72962
0.185547 -1.7355

0.185547 -1.73547
0.190302 -1.73828

0.234375 -1.76328
0.224475 -1.75781

0.195312 -1.74127
0.205078 -1.74693

0.214844 -1.75248
0.207048 -1.74805

0.205078 -1.74691
0.207073 -1.74805

0.214844 -1.75247
0.224425 -1.75781

0.3125 -1.80213
0.301189 -1.79688

0.244141 -1.76848
0.242447 -1.76758

0.234375 -1.76325
0.24246 -1.76758

0.244141 -1.76848
0.253906 -1.7736

0.263672 -1.77863
0.261158 -1.77734

0.263672 -1.77862
0.273438 -1.78353

0.253906 -1.77359
0.261205 -1.77734

0.283203 -1.78831
0.280757 -1.78711

0.273438 -1.78353
0.280707 -1.78711

0.283203 -1.78833
0.292969 -1.79303

0.292969 -1.79303
0.30114 -1.79688

0.15625 -1.71752
0.158272 -1.71875

0.3125 -1.80211
0.322266 -1.80649

0.332031 -1.81077
0.322604 -1.80664

0.322266 -1.80648
0.322629 -1.80664

0.351562 -1.81902
0.345303 -1.81641

0.332031 -1.81077
0.341797 -1.81495

0.341797 -1.81495
0.345291 -1.81641

0.351562 -1.81902
0.361328 -1.82299

0.371094 -1.82683
0.369428 -1.82617

0.361328 -1.82299
0.369365 -1.82617

0.371094 -1.82685
0.380859 -1.83061

0.380859 -1.83061
0.390625 -1.83427

0.400391 -1.83781
0.395241 -1.83594

0.400391 -1.83783
0.410156 -1.84128

0.410156 -1.84128
0.419922 -1.84464

0.429688 -1.84789
0.423118 -1.8457

0.419922 -1.84464
0.423112 -1.8457

0.390625 -1.8343
0.395176 -1.83594

0.429688 -1.84789
0.439453 -1.85105

0.439453 -1.85105
0.449219 -1.8541

0.458984 -1.85706
0.453729 -1.85547

0.458984 -1.85706
0.46875 -1.85991

0.449219 -1.8541
0.453752 -1.85547

0.46875 -1.85991
0.478516 -1.86267

0.488281 -1.86532
0.487958 -1.86523

0.478516 -1.86267
0.487937 -1.86523

0.488281 -1.86533
0.498047 -1.86789

0.498047 -1.86789
0.507812 -1.87035

0.507812 -1.87035
0.517578 -1.87271

0.517578 -1.87271
0.527344 -1.87497

0.527344 -1.87499
0.527406 -1.875

0.625 -1.89222
0.634766 -1.89342

0.634766 -1.89342
0.644531 -1.89452

0.654297 -1.89553
0.644629 -1.89453

0.654297 -1.89553
0.664062 -1.89644

0.644531 -1.89451
0.644726 -1.89453

0.664062 -1.89644
0.673828 -1.89726

0.673828 -1.89726
0.683594 -1.89797

0.683594 -1.89797
0.693359 -1.8986

0.693359 -1.8986
0.703125 -1.89912

0.703125 -1.89912
0.712891 -1.89955

0.712891 -1.89955
0.722656 -1.89989

0.722656 -1.89989
0.732422 -1.90012

0.732422 -1.90012
0.742188 -1.90026

0.742188 -1.90026
0.751953 -1.9003

0.751953 -1.9003
0.761719 -1.90025

0.761719 -1.90025
0.771484 -1.9001

0.771484 -1.9001
0.78125 -1.89985

0.78125 -1.89985
0.791016 -1.8995

0.791016 -1.8995
0.800781 -1.89906

0.800781 -1.89906
0.810547 -1.89852

0.810547 -1.89852
0.820312 -1.89788

0.820312 -1.89788
0.830078 -1.89714

0.830078 -1.89714
0.839844 -1.8963

0.839844 -1.8963
0.849609 -1.89537

0.849609 -1.89537
0.857592 -1.89453

0.857486 -1.89453
0.859375 -1.89433

0.859375 -1.89434
0.869141 -1.89321

0.869141 -1.89321
0.878906 -1.89198

0.878906 -1.89198
0.888672 -1.89065

0.888672 -1.89065
0.898438 -1.88922

0.898438 -1.88922
0.908203 -1.88769

0.908203 -1.88769
0.917969 -1.88605

0.917969 -1.88605
0.925189 -1.88477

0.925181 -1.88477
0.927734 -1.88431

0.927734 -1.88431
0.9375 -1.88247

0.9375 -1.88247
0.947266 -1.88052

0.947266 -1.88052
0.957031 -1.87847

0.957031 -1.87847
0.966797 -1.87631

0.966797 -1.8763
0.972404 -1.875

0.972492 -1.875
0.976562 -1.87408

0.976562 -1.87405
0.986328 -1.87168

0.986328 -1.87168
0.996094 -1.8692

0.996094 -1.8692
1.00586 -1.86661

1.00586 -1.8666
1.01079 -1.86523

1.01089 -1.86523
1.01562 -1.86393

1.01562 -1.86391
1.02539 -1.8611

1.02539 -1.8611
1.03516 -1.85818

1.03516 -1.85818
1.04389 -1.85547

1.0439 -1.85547
1.04492 -1.85515

1.04492 -1.85515
1.05469 -1.852

1.05469 -1.852
1.06445 -1.84874

1.06445 -1.84874
1.07325 -1.8457

1.07328 -1.8457
1.07422 -1.84538

1.07422 -1.84537
1.08398 -1.84188

1.08398 -1.84188
1.09375 -1.83827

1.09375 -1.83828
1.09978 -1.83594

1.09987 -1.83594
1.10352 -1.83455

1.10352 -1.83454
1.11328 -1.83068

1.11328 -1.83068
1.12305 -1.82671

1.12305 -1.8267
1.12431 -1.82617

1.12433 -1.82617
1.13281 -1.82261

1.13281 -1.82261
1.14258 -1.81839

1.14258 -1.81838
1.14702 -1.81641

1.14705 -1.81641
1.15234 -1.81405

1.15234 -1.81404
1.16211 -1.80956

1.16211 -1.80955
1.16826 -1.80664

1.16836 -1.80664
1.17188 -1.80498

1.17188 -1.80499
1.18834 -1.79688

1.18837 -1.79688
1.19141 -1.79536

1.19141 -1.79533
1.20117 -1.79032

1.20117 -1.7903
1.20721 -1.78711

1.20731 -1.78711
1.21094 -1.7852

1.21094 -1.78516
1.2207 -1.77987

1.2207 -1.77986
1.22521 -1.77734

1.22526 -1.77734
1.23047 -1.77444

1.23047 -1.77443
1.24023 -1.76884

1.24023 -1.76883
1.24237 -1.76758

1.2424 -1.76758
1.25 -1.76311

1.25 -1.76314
1.25873 -1.75781

1.25882 -1.75781
1.25977 -1.75725

1.25977 -1.75722
1.26953 -1.75118

1.26953 -1.75116
1.27443 -1.74805

1.27452 -1.74805
1.2793 -1.74501

1.2793 -1.74499
1.28906 -1.73863

1.28906 -1.73862
1.28959 -1.73828

1.28958 -1.73828
1.29883 -1.7321

1.29883 -1.73208
1.30404 -1.72852

1.3041 -1.72852
1.30859 -1.72544

1.30859 -1.72541
1.31808 -1.71875

1.31808 -1.71875
1.31836 -1.71856

1.31836 -1.71855
1.32812 -1.71152

1.32812 -1.71149
1.3316 -1.70898

1.33155 -1.70898
1.33789 -1.7043

1.33789 -1.70429
1.34458 -1.69922

1.34462 -1.69922
1.34766 -1.69695

1.34766 -1.69691
1.35725 -1.68945

1.35725 -1.68945
1.35742 -1.68932

1.35742 -1.68932
1.36719 -1.68154

1.36719 -1.68153
1.36947 -1.67969

1.36945 -1.67969
1.37695 -1.67355

1.37695 -1.6735
1.3813 -1.66992

1.38127 -1.66992
1.38672 -1.66542

1.38672 -1.66533
1.39282 -1.66016

1.39279 -1.66016
1.39648 -1.65698

1.39648 -1.65696
1.40396 -1.65039

1.40396 -1.65039
1.40625 -1.64836

1.40625 -1.64834
1.41483 -1.64062

1.4148 -1.64062
1.41602 -1.63951

1.41602 -1.63953
1.42536 -1.63086

1.42537 -1.63086
1.42578 -1.63047

1.42578 -1.63047
1.43555 -1.62117

1.43555 -1.62117
1.43562 -1.62109

1.43563 -1.62109
1.44531 -1.61164

1.44531 -1.61166
1.45537 -1.60156

1.45536 -1.60156
1.46483 -1.5918

1.46484 -1.59178
1.47407 -1.58203

1.47406 -1.58203
1.47461 -1.58144

1.47461 -1.58144
1.48307 -1.57227

1.48306 -1.57227
1.48438 -1.57082

1.48438 -1.57084
1.49183 -1.5625

1.49185 -1.5625
1.49414 -1.5599

1.49414 -1.55991
1.50041 -1.55273

1.50044 -1.55273
1.50391 -1.54867

1.50391 -1.54872
1.50874 -1.54297

1.50881 -1.54297
1.51367 -1.53711

1.51367 -1.53717
1.51694 -1.5332

1.51696 -1.5332
1.52344 -1.52527

1.52344 -1.52531
1.52495 -1.52344

1.52494 -1.52344
1.53273 -1.51367

1.53272 -1.51367
1.5332 -1.51306

1.5332 -1.51307
1.54035 -1.50391

1.54034 -1.50391
1.54297 -1.50041

1.54297 -1.50049
1.5478 -1.49414

1.54779 -1.49414
1.55273 -1.4875

1.55273 -1.48754
1.55503 -1.48438

1.55506 -1.48438
1.56216 -1.47461

1.56216 -1.47461
1.5625 -1.47413

1.5625 -1.47414
1.56911 -1.46484

1.56909 -1.46484
1.57227 -1.46028

1.57227 -1.46033
1.57591 -1.45508

1.5759 -1.45508
1.58203 -1.44606

1.58203 -1.44607
1.58253 -1.44531

1.58254 -1.44531
1.58903 -1.43555

1.589 -1.43555
1.5918 -1.43124

1.5918 -1.43133
1.5954 -1.42578

1.59538 -1.42578
1.60156 -1.41605

1.60155 -1.41602
1.60156 -1.416

1.60156 -1.416
1.60769 -1.40625

1.60764 -1.40625
1.61133 -1.40018

1.61133 -1.40025
1.61362 -1.39648

1.61359 -1.39648
1.6194 -1.38672

1.61938 -1.38672
1.62109 -1.38376

1.62109 -1.38381
1.62508 -1.37695

1.62507 -1.37695
1.63062 -1.36719

1.63062 -1.36719
1.63086 -1.36675

1.63086 -1.36676
1.63605 -1.35742

1.63605 -1.35742
1.64062 -1.349

1.64062 -1.34901
1.64136 -1.34766

1.64135 -1.34766
1.64654 -1.33789

1.64654 -1.33789
1.65039 -1.33048

1.65039 -1.3305
1.65162 -1.32812

1.65162 -1.32812
1.65658 -1.31836

1.65657 -1.31836
1.66016 -1.31114

1.66016 -1.31116
1.66143 -1.30859

1.66142 -1.30859
1.66616 -1.29883

1.66616 -1.29883
1.66992 -1.29089

1.66992 -1.29094
1.67081 -1.28906

1.67079 -1.28906
1.67532 -1.2793

1.67532 -1.2793
1.67969 -1.26965

1.67969 -1.26966
1.67974 -1.26953

1.67974 -1.26953
1.68407 -1.25977

1.68406 -1.25977
1.68829 -1.25

1.68826 -1.25
1.68945 -1.24718

1.68945 -1.24726
1.69242 -1.24023

1.69241 -1.24023
1.69643 -1.23047

1.69643 -1.23047
1.69922 -1.22354

1.69922 -1.22357
1.70037 -1.2207

1.70036 -1.2207
1.7042 -1.21094

1.7042 -1.21094
1.70794 -1.20117

1.70792 -1.20117
1.70898 -1.19832

1.70898 -1.1984
1.7116 -1.19141

1.71159 -1.19141
1.71515 -1.18164

1.71515 -1.18164
1.71862 -1.17188

1.71861 -1.17188
1.71875 -1.17147

1.71875 -1.1715
1.722 -1.16211

1.722 -1.16211
1.7253 -1.15234

1.7253 -1.15234
1.72851 -1.14258

1.7285 -1.14258
1.72852 -1.14254

1.72852 -1.14255
1.73163 -1.13281

1.73163 -1.13281
1.73467 -1.12305

1.73467 -1.12305
1.73763 -1.11328

1.73762 -1.11328
1.73828 -1.11103

1.73828 -1.11108
1.74051 -1.10352

1.74051 -1.10352
1.7433 -1.09375

1.7433 -1.09375
1.74602 -1.08398

1.74601 -1.08398
1.74805 -1.07645

1.74805 -1.07652
1.74867 -1.07422

1.74865 -1.07422
1.75121 -1.06445

1.75121 -1.06445
1.75369 -1.05469

1.75371 -1.05469
1.75781 -1.03777

1.75781 -1.03781
1.75845 -1.03516

1.75843 -1.03516
1.76069 -1.02539

1.76069 -1.02539
1.76287 -1.01562

1.76287 -1.01562
1.76498 -1.00586

1.76498 -1.00586
1.76701 -0.996094

1.767 -0.996094
1.76758 -0.993227

1.76758 -0.993317
1.76898 -0.986328

1.76898 -0.986328
1.77087 -0.976562

1.77087 -0.976562
1.77269 -0.966797

1.77269 -0.966797
1.77444 -0.957031

1.77444 -0.957031
1.77612 -0.947266

1.77612 -0.947266
1.77734 -0.939842

1.77734 -0.939829
1.77773 -0.9375

1.77773 -0.9375
1.77927 -0.927734

1.77927 -0.927734
1.78074 -0.917969

1.78074 -0.917969
1.78215 -0.908203

1.78215 -0.908203
1.78348 -0.898438

1.78348 -0.898438
1.78475 -0.888672

1.78475 -0.888672
1.78596 -0.878906

1.78596 -0.878906
1.7871 -0.869141

1.7871 -0.869141
1.78711 -0.869059

1.78711 -0.869071
1.78818 -0.859375

1.78818 -0.859375
1.78919 -0.849609

1.78919 -0.849609
1.79015 -0.839844

1.79015 -0.839844
1.79104 -0.830078

1.79104 -0.830078
1.79186 -0.820312

1.79186 -0.820312
1.79263 -0.810547

1.79263 -0.810547
1.79334 -0.800781

1.79334 -0.800781
1.79399 -0.791016

1.79399 -0.791016
1.79458 -0.78125

1.79458 -0.78125
1.79511 -0.771484

1.79511 -0.771484
1.79558 -0.761719

1.79558 -0.761719
1.79599 -0.751953

1.79599 -0.751953
1.79634 -0.742188

1.79634 -0.742188
1.79664 -0.732422

1.79664 -0.732422
1.79688 -0.722873

1.79688 -0.651613
1.79671 -0.644531

1.79671 -0.644531
1.79643 -0.634766

1.79643 -0.634766
1.7961 -0.625

1.79688 -0.722901
1.79688 -0.722656

1.79688 -0.722656
1.79706 -0.712891

1.79706 -0.712891
1.79718 -0.703125

1.79718 -0.703125
1.79725 -0.693359

1.79725 -0.693359
1.79725 -0.683594

1.79725 -0.683594
1.7972 -0.673828

1.7972 -0.673828
1.7971 -0.664062

1.79688 -0.652172
1.79711 -0.664062

1.7961 -0.625
1.79571 -0.615234

1.79571 -0.615234
1.79526 -0.605469

1.79526 -0.605469
1.79476 -0.595703

1.79476 -0.595703
1.7942 -0.585938

1.7942 -0.585938
1.79359 -0.576172

1.79359 -0.576172
1.79292 -0.566406

1.79292 -0.566406
1.79221 -0.556641

1.79221 -0.556641
1.79144 -0.546875

1.79144 -0.546875
1.79062 -0.537109

1.79062 -0.537109
1.78975 -0.527344

1.78975 -0.527344
1.78882 -0.517578

1.78882 -0.517578
1.78785 -0.507812

1.78711 -0.500286
1.78687 -0.498047

1.78682 -0.498047
1.78575 -0.488281

1.78711 -0.500932
1.78783 -0.507812

1.78575 -0.488281
1.78462 -0.478516

1.78462 -0.478516
1.78345 -0.46875

1.78345 -0.46875
1.78222 -0.458984

1.78222 -0.458984
1.78094 -0.449219

1.78094 -0.449219
1.77962 -0.439453

1.77962 -0.439453
1.77824 -0.429688

1.77734 -0.423133
1.77687 -0.419922

1.77681 -0.419922
1.77533 -0.410156

1.77533 -0.410156
1.77379 -0.400391

1.77379 -0.400391
1.7722 -0.390625

1.77734 -0.423816
1.7782 -0.429688

1.75781 -0.313639
1.75758 -0.3125

1.7722 -0.390625
1.77055 -0.380859

1.77055 -0.380859
1.76885 -0.371094

1.76758 -0.363759
1.76714 -0.361328

1.7671 -0.361328
1.7653 -0.351562

1.76758 -0.364077
1.76884 -0.371094

1.7653 -0.351562
1.76344 -0.341797

1.76344 -0.341797
1.76153 -0.332031

1.76153 -0.332031
1.75957 -0.322266

1.75781 -0.313772
1.75956 -0.322266

1.71875 -0.157232
1.71847 -0.15625

1.71845 -0.15625
1.71558 -0.146484

1.71558 -0.146484
1.71266 -0.136719

1.70898 -0.124647
1.70668 -0.117188

1.71266 -0.136719
1.70969 -0.126953

1.70898 -0.124684
1.70968 -0.126953

1.69922 -0.0936476
1.69736 -0.0878906

1.69735 -0.0878906
1.69415 -0.078125

1.70668 -0.117188
1.70362 -0.107422

1.70362 -0.107422
1.70051 -0.0976562

1.69922 -0.0936884
1.7005 -0.0976562

1.67969 -0.0358244
1.67737 -0.0292969

1.67736 -0.0292969
1.67384 -0.0195312

1.66992 -0.00878996
1.66667 0

1.67384 -0.0195312
1.67028 -0.00976562

1.66992 -0.00883506
1.67027 -0.00976562

1.68945 -0.0640227
1.68761 -0.0585938

1.69415 -0.078125
1.69089 -0.0683594

1.68945 -0.0642371
1.69085 -0.0683594

1.68758 -0.0585938
1.68422 -0.0488281

1.68422 -0.0488281
1.68082 -0.0390625

1.67969 -0.0360041
1.68078 -0.0390625

1.75755 -0.3125
1.75549 -0.302734

1.75549 -0.302734
1.75337 -0.292969

1.75337 -0.292969
1.7512 -0.283203

1.7512 -0.283203
1.74899 -0.273438

1.74805 -0.269338
1.74673 -0.263672

1.74672 -0.263672
1.7444 -0.253906

1.74805 -0.269471
1.74897 -0.273438

1.7444 -0.253906
1.74203 -0.244141

1.74203 -0.244141
1.73962 -0.234375

1.73828 -0.228938
1.73719 -0.224609

1.73715 -0.224609
1.73463 -0.214844

1.73463 -0.214844
1.73206 -0.205078

1.73206 -0.205078
1.72944 -0.195312

1.73828 -0.229209
1.73959 -0.234375

1.72852 -0.191858
1.72679 -0.185547

1.72677 -0.185547
1.72405 -0.175781

1.72852 -0.192087
1.7294 -0.195312

1.72404 -0.175781
1.72127 -0.166016

1.71875 -0.157292
1.72127 -0.166016

0.273438 1.24792
0.259159 1.25

0.273438 1.2479
0.283203 1.24637

0.283203 1.24637
0.292969 1.24478

0.292969 1.24478
0.302734 1.24312

0.302734 1.24312
0.3125 1.24139

0.322266 1.23959
0.318778 1.24023

0.3125 1.24139
0.318792 1.24023

0.322266 1.23959
0.332031 1.23773

0.332031 1.23773
0.341797 1.23579

0.341797 1.23579
0.351562 1.23379

0.371094 1.22955
0.36695 1.23047

0.351562 1.23379
0.361328 1.23171

0.361328 1.23171
0.366935 1.23047

0.371094 1.22955
0.380859 1.22732

0.380859 1.22732
0.390625 1.22503

0.390625 1.22503
0.400391 1.22266

0.410156 1.22022
0.408205 1.2207

0.400391 1.22266
0.408209 1.2207

0.410156 1.22022
0.419922 1.21771

0.419922 1.21771
0.429688 1.21512

0.449219 1.20973
0.444906 1.21094

0.449219 1.20973
0.458984 1.20692

0.458984 1.20692
0.46875 1.20405

0.429688 1.21515
0.444926 1.21094

0.478516 1.2011
0.478277 1.20117

0.46875 1.20405
0.478279 1.20117

0.478516 1.2011
0.488281 1.19808

0.488281 1.19808
0.498047 1.195

0.498047 1.195
0.507812 1.19183

0.517578 1.1886
0.509108 1.19141

0.517578 1.1886
0.527344 1.18529

0.507812 1.19183
0.509099 1.19141

0.527344 1.18529
0.537109 1.1819

0.546875 1.17844
0.537844 1.18164

0.537109 1.1819
0.537839 1.18164

0.566406 1.17129
0.564814 1.17188

0.566406 1.17128
0.576172 1.16759

0.576172 1.16759
0.585938 1.16383

0.595703 1.15999
0.590315 1.16211

0.585938 1.16383
0.590322 1.16211

0.595703 1.15999
0.605469 1.15608

0.615234 1.1521
0.614641 1.15234

0.615234 1.1521
0.625 1.14803

0.605469 1.15609
0.614636 1.15234

0.546875 1.17846
0.564853 1.17188

0.742188 1.09302
0.740763 1.09375

0.742188 1.09301
0.751953 1.08789

0.761719 1.0827
0.759303 1.08398

0.751953 1.08789
0.759292 1.08398

0.78125 1.07205
0.777307 1.07422

0.761719 1.08269
0.771484 1.07741

0.771484 1.0774
0.777259 1.07422

0.664062 1.131
0.659993 1.13281

0.625 1.14803
0.634766 1.14389

0.644531 1.13967
0.637804 1.14258

0.634766 1.14388
0.637784 1.14258

0.644531 1.13967
0.654297 1.13537

0.654297 1.13536
0.659975 1.13281

0.664062 1.13099
0.673828 1.12653

0.683594 1.12199
0.681323 1.12305

0.673828 1.12653
0.681317 1.12305

0.703125 1.11267
0.701859 1.11328

0.683594 1.12199
0.693359 1.11737

0.693359 1.11737
0.701845 1.11328

0.703125 1.11266
0.712891 1.10788

0.722656 1.103
0.721632 1.10352

0.712891 1.10787
0.721627 1.10352

0.722656 1.103
0.732422 1.09805

0.732422 1.09805
0.740755 1.09375

0.820312 1.04969
0.811714 1.05469

0.78125 1.07203
0.791016 1.06657

0.800781 1.06103
0.794751 1.06445

0.791016 1.06656
0.794723 1.06445

0.800781 1.06102
0.810547 1.05539

0.810547 1.05536
0.811713 1.05469

0.830078 1.04387
0.828299 1.04492

0.820312 1.04967
0.828289 1.04492

0.830078 1.04386
0.839844 1.03796

0.849609 1.03199
0.844444 1.03516

0.849609 1.03198
0.859375 1.02591

0.839844 1.03796
0.844413 1.03516

0.878906 1.0135
0.87559 1.01562

0.878906 1.01347
0.888672 1.00711

0.898438 1.00065
0.890557 1.00586

0.888672 1.00709
0.890583 1.00586

0.9375 0.973913
0.933634 0.976562

0.908203 0.994133
0.905256 0.996094

0.908203 0.994093
0.917969 0.987439

0.898438 1.00063
0.905202 0.996094

0.927734 0.980688
0.919574 0.986328

0.917969 0.98743
0.919602 0.986328

0.927734 0.980663
0.933583 0.976562

0.869141 1.01974
0.860193 1.02539

0.859375 1.0259
0.860206 1.02539

0.869141 1.01972
0.875529 1.01562

0.996094 0.93069
0.987164 0.9375

1.01562 0.915528
1.01248 0.917969

1.00586 0.923139
0.999909 0.927734

0.996094 0.93066
0.999953 0.927734

1.00586 0.923111
1.01242 0.917969

1.09375 0.850101
1.08306 0.859375

1.05469 0.883715
1.03685 0.898438

1.02539 0.907695
1.02475 0.908203

1.01562 0.915468
1.02475 0.908203

1.02539 0.90769
1.03516 0.899801

1.03516 0.899804
1.03684 0.898438

1.06445 0.87547
1.06034 0.878906

1.07422 0.867145
1.07188 0.869141

1.06445 0.87543
1.07182 0.869141

1.05469 0.883645
1.06039 0.878906

1.07422 0.867105
1.08313 0.859375

1.17188 0.776432
1.16703 0.78125

1.25 0.693762
1.24167 0.703125

1.21094 0.736308
1.20536 0.742188

1.19141 0.75667
1.18649 0.761719

1.18164 0.766626
1.17683 0.771484

1.17188 0.776408
1.17679 0.771484

1.18164 0.766595
1.18644 0.761719

1.20117 0.746551
1.19599 0.751953

1.19141 0.756635
1.19594 0.751953

1.20117 0.746543
1.20533 0.742188

1.23047 0.715346
1.22377 0.722656

1.2207 0.725883
1.21464 0.732422

1.21094 0.736298
1.21459 0.732422

1.2207 0.725912
1.22373 0.722656

1.24023 0.704654
1.23274 0.712891

1.23047 0.715337
1.23271 0.712891

1.24023 0.704685
1.24165 0.703125

1.13281 0.814291
1.12636 0.820312

1.11328 0.832416
1.1051 0.839844

1.10352 0.841284
1.09422 0.849609

1.09375 0.85002
1.09421 0.849609

1.10352 0.841266
1.10509 0.839844

1.12305 0.823445
1.1158 0.830078

1.11328 0.832367
1.11578 0.830078

1.12305 0.823388
1.12636 0.820312

1.15234 0.795654
1.14701 0.800781

1.14258 0.805055
1.13676 0.810547

1.13281 0.814243
1.13674 0.810547

1.14258 0.804985
1.14698 0.800781

1.16211 0.786106
1.15709 0.791016

1.15234 0.795603
1.15707 0.791016

1.16211 0.786075
1.167 0.78125

0.9375 0.973842
0.947266 0.966898

0.957031 0.959857
0.947405 0.966797

0.947266 0.966897
0.947407 0.966797

0.966797 0.952718
0.960896 0.957031

0.976562 0.945523
0.974178 0.947266

0.966797 0.95271
0.974141 0.947266

0.957031 0.95984
0.960932 0.957031

0.976562 0.945481
0.986328 0.938137

0.986328 0.938131
0.987167 0.9375

0 1.26275
0.00976562 1.26316

0.00976562 1.26316
0.0195312 1.2635

0.0195312 1.2635
0.0292969 1.26377

0.0292969 1.26377
0.0390625 1.26397

0.0390625 1.26397
0.0488281 1.2641

0.0488281 1.2641
0.0585938 1.26416

0.0585938 1.26416
0.0683594 1.26414

0.0683594 1.26414
0.078125 1.26406

0.078125 1.26406
0.0878906 1.26391

0.0878906 1.26391
0.0976562 1.26369

0.0976562 1.26369
0.107422 1.2634

0.107422 1.2634
0.117188 1.26304

0.117188 1.26304
0.126953 1.26261

0.126953 1.26261
0.136719 1.26211

0.136719 1.26211
0.146484 1.26154

0.146484 1.26154
0.15625 1.2609

0.15625 1.2609
0.166016 1.2602

0.175781 1.25942
0.171433 1.25977

0.166016 1.2602
0.171449 1.25977

0.175781 1.25942
0.185547 1.25858

0.185547 1.25858
0.195312 1.25766

0.195312 1.25766
0.205078 1.25668

0.205078 1.25668
0.214844 1.25563

0.214844 1.25563
0.224609 1.25451

0.224609 1.25451
0.234375 1.25333

0.234375 1.25333
0.244141 1.25207

0.244141 1.25207
0.253906 1.25075

0.253906 1.25075
0.259205 1.25

1.52344 0.308799
1.52138 0.3125

1.54297 0.273145
1.54281 0.273438

1.5625 0.23586
1.55824 0.244141

1.55824 0.244141
1.55315 0.253906

1.55273 0.254703
1.54801 0.263672

1.54297 0.273133
1.54801 0.263672

1.55273 0.254687
1.55315 0.253906

1.5332 0.291193
1.53223 0.292969

1.54281 0.273438
1.53754 0.283203

1.5332 0.291124
1.53753 0.283203

1.5322 0.292969
1.52681 0.302734

1.52344 0.308722
1.52679 0.302734

1.32812 0.60086
1.32453 0.605469

1.31836 0.613114
1.31667 0.615234

1.31665 0.615234
1.30873 0.625

1.31836 0.613106
1.32448 0.605469

1.40625 0.495907
1.39791 0.507812

1.38672 0.52346
1.38395 0.527344

1.37695 0.536866
1.37678 0.537109

1.37677 0.537109
1.36956 0.546875

1.37695 0.536862
1.3839 0.527344

1.39648 0.509802
1.39094 0.517578

1.38672 0.523402
1.39092 0.517578

1.39648 0.509781
1.39786 0.507812

1.34766 0.575848
1.34741 0.576172

1.34741 0.576172
1.33986 0.585938

1.35742 0.563006
1.35489 0.566406

1.36719 0.550075
1.36228 0.556641

1.35742 0.563042
1.36226 0.556641

1.34766 0.575848
1.35488 0.566406

1.33789 0.588462
1.33222 0.595703

1.32812 0.600872
1.33217 0.595703

1.33789 0.588427
1.33981 0.585938

1.36719 0.550001
1.36949 0.546875

1.48438 0.375874
1.47539 0.390625

1.42578 0.467485
1.42495 0.46875

1.44531 0.438006
1.44439 0.439453

1.44439 0.439453
1.43798 0.449219

1.43555 0.452901
1.43151 0.458984

1.42578 0.467487
1.43149 0.458984

1.43555 0.45286
1.43796 0.449219

1.46484 0.407594
1.46324 0.410156

1.45508 0.422954
1.45075 0.429688

1.4632 0.410156
1.45701 0.419922

1.45508 0.422865
1.45696 0.419922

1.47461 0.391864
1.46933 0.400391

1.46484 0.407516
1.46931 0.400391

1.47461 0.391861
1.47536 0.390625

1.44531 0.438019
1.45075 0.429688

1.50391 0.342974
1.49888 0.351562

1.51367 0.326042
1.51025 0.332031

1.52134 0.3125
1.51582 0.322266

1.51367 0.325996
1.51581 0.322266

1.51024 0.332031
1.50459 0.341797

1.50391 0.342948
1.50457 0.341797

1.49414 0.359611
1.49313 0.361328

1.49311 0.361328
1.48726 0.371094

1.49414 0.359572
1.49888 0.351562

1.48438 0.375875
1.48727 0.371094

1.41602 0.481859
1.4116 0.488281

1.42493 0.46875
1.41829 0.478516

1.41602 0.481779
1.41823 0.478516

1.40625 0.495931
1.41158 0.488281

1.64062 0.0664199
1.6358 0.078125

1.60156 0.155776
1.60135 0.15625

1.62109 0.112482
1.61903 0.117188

1.63086 0.0897891
1.6275 0.0976562

1.63578 0.078125
1.63167 0.0878906

1.63086 0.0897662
1.63166 0.0878906

1.6275 0.0976562
1.62328 0.107422

1.62109 0.112362
1.62326 0.107422

1.61133 0.134478
1.61032 0.136719

1.61901 0.117188
1.61468 0.126953

1.61133 0.134374
1.61466 0.126953

1.61029 0.136719
1.60584 0.146484

1.60156 0.15576
1.60584 0.146484

1.66016 0.0173394
1.65932 0.0195312

1.65928 0.0195312
1.6555 0.0292969

1.6555 0.0292969
1.65166 0.0390625

1.66667 0
1.663 0.00976562

1.66016 0.0171892
1.66299 0.00976562

1.65039 0.0423151
1.6478 0.0488281

1.64778 0.0488281
1.64383 0.0585938

1.65039 0.0421448
1.65162 0.0390625

1.64062 0.0664346
1.64383 0.0585938

1.60134 0.15625
1.59678 0.166016

1.59678 0.166016
1.59216 0.175781

1.5918 0.17655
1.58749 0.185547

1.58749 0.185547
1.58276 0.195312

1.5918 0.176528
1.59215 0.175781

1.58203 0.196814
1.57798 0.205078

1.57798 0.205078
1.57313 0.214844

1.57227 0.216578
1.56823 0.224609

1.56823 0.224609
1.56326 0.234375

1.57227 0.216509
1.5731 0.214844

1.58203 0.196761
1.58274 0.195312

1.5625 0.235805
1.56324 0.234375

1.28906 0.64876
1.27609 0.664062

1.25977 0.682809
1.25908 0.683594

1.26953 0.671616
1.26762 0.673828

1.25977 0.682791
1.26761 0.673828

1.25907 0.683594
1.2504 0.693359

1.25 0.693806
1.2504 0.693359

1.26953 0.671615
1.27605 0.664062

1.29883 0.637052
1.29261 0.644531

1.30859 0.62517
1.30072 0.634766

1.29883 0.637002
1.30067 0.634766

1.28906 0.648766
1.29257 0.644531

1.30859 0.625167
1.30873 0.625

