-0.390625 -1.25654
-0.397558 -1.25

-0.3125 -1.3336
-0.317911 -1.32812

-0.351562 -1.29451
-0.357098 -1.28906

-0.371094 -1.2754
-0.377168 -1.26953

-0.380859 -1.26592
-0.387307 -1.25977

-0.390625 -1.25647
-0.387171 -1.25977

-0.380859 -1.26581
-0.377 -1.26953

-0.361328 -1.28491
-0.367097 -1.2793

-0.371094 -1.27529
-0.366966 -1.2793

-0.361328 -1.28482
-0.356997 -1.28906

-0.332031 -1.31392
-0.337364 -1.30859

-0.341797 -1.30419
-0.347201 -1.29883

-0.351562 -1.29441
-0.347096 -1.29883

-0.341797 -1.3041
-0.337285 -1.30859

-0.322266 -1.32375
-0.327627 -1.31836

-0.332031 -1.31383
-0.327516 -1.31836

-0.322266 -1.32361
-0.317791 -1.32812

-0.078125 -1.56666
-0.0826702 -1.5625

-0.0585938 -1.58423
-0.0610667 -1.58203

-0.0683594 -1.57548
-0.0719394 -1.57227

-0.078125 -1.56659
-0.071804 -1.57227

-0.0683594 -1.57545
-0.0609931 -1.58203

-0.0488281 -1.59287
-0.0500529 -1.5918

-0.0585938 -1.5842
-0.0500172 -1.5918

-0.0488281 -1.59285
-0.0390625 -1.60139

-0.0292969 -1.60982
-0.0388608 -1.60156

-0.0195312 -1.61815
-0.0275451 -1.61133

-0.0292969 -1.60972
-0.0274078 -1.61133

-0.00976562 -1.62642
-0.0161559 -1.62109

0 -1.63449
-0.00445771 -1.63086

-0.00976562 -1.62633
-0.00423474 -1.63086

-0.0195312 -1.61797
-0.0158075 -1.62109

-0.0390625 -1.60137
-0.0388435 -1.60156

-0.234375 -1.41332
-0.241283 -1.40625

-0.15625 -1.49215
-0.164107 -1.48438

-0.195312 -1.45309
-0.203 -1.44531

-0.214844 -1.43329
-0.222175 -1.42578

-0.224609 -1.42333
-0.231728 -1.41602

-0.234375 -1.41324
-0.23166 -1.41602

-0.224609 -1.42324
-0.222121 -1.42578

-0.205078 -1.44322
-0.212603 -1.43555

-0.214844 -1.4332
-0.21254 -1.43555

-0.205078 -1.44311
-0.202907 -1.44531

-0.175781 -1.47272
-0.183634 -1.46484

-0.185547 -1.46293
-0.193333 -1.45508

-0.195312 -1.45299
-0.193247 -1.45508

-0.185547 -1.46285
-0.183566 -1.46484

-0.166016 -1.48246
-0.173893 -1.47461

-0.175781 -1.47264
-0.173812 -1.47461

-0.166016 -1.48233
-0.163962 -1.48438

-0.273438 -1.37341
-0.279515 -1.36719

-0.292969 -1.35346
-0.298651 -1.34766

-0.302734 -1.34352
-0.308259 -1.33789

-0.3125 -1.33349
-0.308173 -1.33789

-0.302734 -1.34343
-0.298589 -1.34766

-0.283203 -1.36345
-0.289097 -1.35742

-0.292969 -1.35338
-0.289005 -1.35742

-0.283203 -1.36329
-0.279389 -1.36719

-0.253906 -1.39335
-0.260368 -1.38672

-0.263672 -1.38337
-0.269929 -1.37695

-0.273438 -1.37328
-0.269845 -1.37695

-0.263672 -1.3833
-0.26033 -1.38672

-0.244141 -1.40334
-0.250821 -1.39648

-0.253906 -1.39328
-0.25078 -1.39648

-0.244141 -1.40325
-0.241208 -1.40625

-0.117188 -1.53015
-0.124202 -1.52344

-0.136719 -1.51127
-0.144303 -1.50391

-0.146484 -1.50175
-0.154248 -1.49414

-0.15625 -1.49203
-0.154115 -1.49414

-0.146484 -1.50171
-0.144244 -1.50391

-0.126953 -1.52073
-0.134296 -1.51367

-0.136719 -1.51123
-0.1342 -1.51367

-0.126953 -1.52063
-0.124031 -1.52344

-0.0976562 -1.54855
-0.103665 -1.54297

-0.107422 -1.5394
-0.114013 -1.5332

-0.117188 -1.53001
-0.113828 -1.5332

-0.107422 -1.53934
-0.103552 -1.54297

-0.0878906 -1.55764
-0.0932271 -1.55273

-0.0976562 -1.54851
-0.0930855 -1.55273

-0.0878906 -1.55757
-0.0824893 -1.5625

-1.01562 -0.677387
-1.0181 -0.673828

-1.01813 -0.673828
-1.02487 -0.664062

-1.03516 -0.648755
-1.03795 -0.644531

-1.04492 -0.63374
-1.05046 -0.625

-1.03794 -0.644531
-1.04427 -0.634766

-1.04492 -0.633713
-1.04427 -0.634766

-1.02539 -0.663299
-1.03148 -0.654297

-1.03516 -0.648733
-1.03147 -0.654297

-1.02539 -0.663285
-1.02487 -0.664062

-0.996094 -0.704318
-0.996977 -0.703125

-0.976562 -0.729759
-0.982138 -0.722656

-0.986328 -0.717224
-0.989595 -0.712891

-0.996094 -0.704314
-0.989638 -0.712891

-0.986328 -0.717198
-0.982147 -0.722656

-0.957031 -0.753888
-0.958629 -0.751953

-0.958641 -0.751953
-0.966637 -0.742188

-0.947266 -0.765507
-0.950453 -0.761719

-0.9375 -0.776851
-0.942095 -0.771484

-0.947266 -0.765453
-0.942166 -0.771484

-0.957031 -0.75388
-0.950478 -0.761719

-0.966797 -0.741987
-0.974466 -0.732422

-0.976562 -0.729725
-0.974457 -0.732422

-0.966797 -0.741987
-0.966635 -0.742188

-1.00586 -0.691047
-1.01124 -0.683594

-0.996988 -0.703125
-1.00419 -0.693359

-1.00586 -0.690999
-1.00418 -0.693359

-1.01562 -0.677375
-1.01123 -0.683594

-0.771484 -0.938544
-0.772712 -0.9375

-0.771484 -0.938545
-0.761719 -0.946815

-0.742188 -0.963079
-0.74949 -0.957031

-0.751953 -0.954992
-0.761179 -0.947266

-0.761719 -0.946815
-0.761182 -0.947266

-0.751953 -0.955003
-0.749498 -0.957031

-0.722656 -0.979065
-0.725762 -0.976562

-0.712891 -0.986957
-0.713674 -0.986328

-0.722656 -0.979054
-0.713666 -0.986328

-0.712891 -0.986954
-0.703125 -0.994804

-0.732422 -0.971055
-0.737692 -0.966797

-0.742188 -0.963126
-0.737646 -0.966797

-0.732422 -0.971089
-0.725693 -0.976562

-0.673828 -1.01809
-0.676983 -1.01562

-0.664062 -1.02578
-0.664563 -1.02539

-0.673828 -1.01808
-0.664556 -1.02539

-0.625 -1.05649
-0.627317 -1.05469

-0.644531 -1.04114
-0.652147 -1.03516

-0.664062 -1.02578
-0.654297 -1.03346

-0.654297 -1.03347
-0.652126 -1.03516

-0.634766 -1.04878
-0.639737 -1.04492

-0.644531 -1.04117
-0.639689 -1.04492

-0.634766 -1.04879
-0.627252 -1.05469

-0.693359 -1.00261
-0.70151 -0.996094

-0.683594 -1.01033
-0.689263 -1.00586

-0.693359 -1.00266
-0.689255 -1.00586

-0.703125 -0.994804
-0.701505 -0.996094

-0.683594 -1.01035
-0.67692 -1.01562

-0.927734 -0.787914
-0.933594 -0.78125

-0.917969 -0.798714
-0.924929 -0.791016

-0.927734 -0.787892
-0.924952 -0.791016

-0.908203 -0.809284
-0.916073 -0.800781

-0.898438 -0.819634
-0.907027 -0.810547

-0.908203 -0.809283
-0.907023 -0.810547

-0.917969 -0.798709
-0.916076 -0.800781

-0.888672 -0.829773
-0.897795 -0.820312

-0.878906 -0.83971
-0.888377 -0.830078

-0.888672 -0.829774
-0.888376 -0.830078

-0.869141 -0.849454
-0.878773 -0.839844

-0.859375 -0.859018
-0.868981 -0.849609

-0.869141 -0.849454
-0.868984 -0.849609

-0.878906 -0.83971
-0.878773 -0.839844

-0.898438 -0.819635
-0.897792 -0.820312

-0.849609 -0.868411
-0.859002 -0.859375

-0.839844 -0.877641
-0.848836 -0.869141

-0.849609 -0.868411
-0.848844 -0.869141

-0.830078 -0.886718
-0.838489 -0.878906

-0.820312 -0.895648
-0.827967 -0.888672

-0.830078 -0.886724
-0.827958 -0.888672

-0.839844 -0.877644
-0.838495 -0.878906

-0.810547 -0.904437
-0.817279 -0.898438

-0.800781 -0.913124
-0.806398 -0.908203

-0.810547 -0.904469
-0.806331 -0.908203

-0.791016 -0.921686
-0.795308 -0.917969

-0.78125 -0.930175
-0.784091 -0.927734

-0.791016 -0.921729
-0.784059 -0.927734

-0.800781 -0.913191
-0.795269 -0.917969

-0.820312 -0.895662
-0.817236 -0.898438

-0.859375 -0.859018
-0.859007 -0.859375

-0.9375 -0.776806
-0.933651 -0.78125

-0.78125 -0.930181
-0.772705 -0.9375

-1.09375 -0.549875
-1.09534 -0.546875

-1.11328 -0.51106
-1.11485 -0.507812

-1.10352 -0.530924
-1.10532 -0.527344

-1.09533 -0.546875
-1.10039 -0.537109

-1.10352 -0.530913
-1.10038 -0.537109

-1.10532 -0.527344
-1.11014 -0.517578

-1.11328 -0.511052
-1.11014 -0.517578

-1.12305 -0.490172
-1.12391 -0.488281

-1.11484 -0.507812
-1.11943 -0.498047

-1.12305 -0.490167
-1.11943 -0.498047

-1.12391 -0.488281
-1.12828 -0.478516

-1.12828 -0.478516
-1.13254 -0.46875

-1.17188 -0.363604
-1.17261 -0.361328

-1.17261 -0.361328
-1.17566 -0.351562

-1.17566 -0.351562
-1.17863 -0.341797

-1.17863 -0.341797
-1.1815 -0.332031

-1.18164 -0.33152
-1.18427 -0.322266

-1.18427 -0.322266
-1.18696 -0.3125

-1.18164 -0.331521
-1.1815 -0.332031

-1.13281 -0.468112
-1.1367 -0.458984

-1.13669 -0.458984
-1.14074 -0.449219

-1.14258 -0.444679
-1.14469 -0.439453

-1.14469 -0.439453
-1.14853 -0.429688

-1.14258 -0.444669
-1.14074 -0.449219

-1.15234 -0.419706
-1.1559 -0.410156

-1.16211 -0.392801
-1.16288 -0.390625

-1.1559 -0.410156
-1.15944 -0.400391

-1.16211 -0.392794
-1.15944 -0.400391

-1.14853 -0.429688
-1.15226 -0.419922

-1.15234 -0.419706
-1.15226 -0.419922

-1.13281 -0.468103
-1.13254 -0.46875

-1.16287 -0.390625
-1.16621 -0.380859

-1.16621 -0.380859
-1.16946 -0.371094

-1.17188 -0.363599
-1.16946 -0.371094

-1.05469 -0.6182
-1.05652 -0.615234

-1.05652 -0.615234
-1.06245 -0.605469

-1.06445 -0.6021
-1.06825 -0.595703

-1.06825 -0.595703
-1.07392 -0.585938

-1.06445 -0.60209
-1.06245 -0.605469

-1.08398 -0.568011
-1.08487 -0.566406

-1.07422 -0.585407
-1.07946 -0.576172

-1.08398 -0.568007
-1.07946 -0.576172

-1.08487 -0.566406
-1.09016 -0.556641

-1.09375 -0.549864
-1.09016 -0.556641

-1.07422 -0.585403
-1.07392 -0.585938

-1.05469 -0.61819
-1.05046 -0.625

-1.19141 -0.295522
-1.19206 -0.292969

-1.19206 -0.292969
-1.19448 -0.283203

-1.19448 -0.283203
-1.19681 -0.273438

-1.18696 -0.3125
-1.18955 -0.302734

-1.19141 -0.295519
-1.18955 -0.302734

-1.20117 -0.254021
-1.2012 -0.253906

-1.19681 -0.273438
-1.19905 -0.263672

-1.20117 -0.254026
-1.19905 -0.263672

-1.2012 -0.253906
-1.20326 -0.244141

-1.20326 -0.244141
-1.20525 -0.234375

-1.21094 -0.203545
-1.21232 -0.195312

-1.21232 -0.195312
-1.21389 -0.185547

-1.21389 -0.185547
-1.21537 -0.175781

-1.21537 -0.175781
-1.21676 -0.166016

-1.21676 -0.166016
-1.21808 -0.15625

-1.20525 -0.234375
-1.20714 -0.224609

-1.20714 -0.224609
-1.20895 -0.214844

-1.20895 -0.214844
-1.21068 -0.205078

-1.21094 -0.203545
-1.21068 -0.205078

-1.21808 -0.15625
-1.21931 -0.146484

-1.21931 -0.146484
-1.22046 -0.136719

-1.2207 -0.134539
-1.22154 -0.126953

-1.22154 -0.126953
-1.22253 -0.117188

-1.2207 -0.13454
-1.22046 -0.136719

-1.22253 -0.117188
-1.22344 -0.107422

-1.22344 -0.107422
-1.22427 -0.0976562

-1.22427 -0.0976562
-1.22502 -0.0878906

-1.22502 -0.0878906
-1.2257 -0.078125

-1.2257 -0.078125
-1.22629 -0.0683594

-1.22629 -0.0683594
-1.22681 -0.0585938

-1.22681 -0.0585938
-1.22724 -0.0488281

-1.22724 -0.0488281
-1.2276 -0.0390625

-1.2276 -0.0390625
-1.22788 -0.0292969

-1.22788 -0.0292969
-1.22809 -0.0195312

-1.22809 -0.0195312
-1.22821 -0.00976562

-1.22821 -0.00976562
-1.22826 0

-0.576172 -1.09509
-0.577862 -1.09375

-0.576172 -1.09507
-0.566406 -1.10289

-0.546875 -1.11867
-0.553529 -1.11328

-0.556641 -1.11075
-0.565623 -1.10352

-0.566406 -1.10288
-0.565607 -1.10352

-0.556641 -1.11075
-0.553475 -1.11328

-0.478516 -1.17617
-0.483532 -1.17188

-0.46875 -1.1847
-0.472267 -1.18164

-0.478516 -1.17619
-0.472202 -1.18164

-0.527344 -1.13474
-0.529686 -1.13281

-0.517578 -1.14282
-0.517872 -1.14258

-0.527344 -1.13468
-0.517866 -1.14258

-0.517578 -1.14282
-0.507812 -1.15104

-0.537109 -1.12663
-0.541565 -1.12305

-0.546875 -1.11867
-0.541437 -1.12305

-0.537109 -1.12661
-0.529584 -1.13281

-0.498047 -1.15934
-0.506282 -1.15234

-0.488281 -1.16771
-0.49485 -1.16211

-0.498047 -1.15932
-0.494761 -1.16211

-0.507812 -1.15101
-0.506229 -1.15234

-0.488281 -1.1677
-0.483395 -1.17188

-0.625 -1.05646
-0.615234 -1.06414

-0.605469 -1.07183
-0.614833 -1.06445

-0.615234 -1.06414
-0.614829 -1.06445

-0.595703 -1.07954
-0.602447 -1.07422

-0.585938 -1.08729
-0.59017 -1.08398

-0.595703 -1.07954
-0.590054 -1.08398

-0.605469 -1.07184
-0.602408 -1.07422

-0.585938 -1.08728
-0.577815 -1.09375

-0.429688 -1.21988
-0.439524 -1.21094

-0.458984 -1.19338
-0.461216 -1.19141

-0.449219 -1.20213
-0.450284 -1.20117

-0.458984 -1.19332
-0.450226 -1.20117

-0.46875 -1.18469
-0.46113 -1.19141

-0.449219 -1.20208
-0.439468 -1.21094

-0.410156 -1.23807
-0.418316 -1.23047

-0.419922 -1.22896
-0.428848 -1.2207

-0.429688 -1.21986
-0.428774 -1.2207

-0.419922 -1.22892
-0.418253 -1.23047

-0.400391 -1.24725
-0.4079 -1.24023

-0.410156 -1.23802
-0.407788 -1.24023

-0.400391 -1.24721
-0.397433 -1.25

-1.22826 0
-1.22823 0.00976562

-1.22823 0.00976562
-1.22812 0.0195312

-1.22812 0.0195312
-1.22793 0.0292969

-1.22793 0.0292969
-1.22767 0.0390625

-1.22767 0.0390625
-1.22733 0.0488281

-1.22733 0.0488281
-1.22691 0.0585938

-1.22691 0.0585938
-1.22641 0.0683594

-1.22641 0.0683594
-1.22583 0.078125

-1.22583 0.078125
-1.22518 0.0878906

-1.22518 0.0878906
-1.22445 0.0976562

-1.22445 0.0976562
-1.22364 0.107422

-1.22364 0.107422
-1.22275 0.117188

-1.22275 0.117188
-1.22179 0.126953

-1.22179 0.126953
-1.22075 0.136719

-1.22075 0.136719
-1.2207 0.137092

-1.2207 0.137087
-1.21962 0.146484

-1.21962 0.146484
-1.21842 0.15625

-1.21842 0.15625
-1.21714 0.166016

-1.21714 0.166016
-1.21579 0.175781

-1.21579 0.175781
-1.21435 0.185547

-1.21435 0.185547
-1.21284 0.195312

-1.21284 0.195312
-1.21124 0.205078

-1.21124 0.205078
-1.21094 0.206838

-1.21094 0.206841
-1.20956 0.214844

-1.20956 0.214844
-1.20781 0.224609

-1.20781 0.224609
-1.20597 0.234375

-1.20597 0.234375
-1.20405 0.244141

-1.20405 0.244141
-1.20205 0.253906

-1.20205 0.253906
-1.20117 0.258045

-1.20117 0.258051
-1.19998 0.263672

-1.19997 0.263672
-1.19781 0.273438

-1.19781 0.273438
-1.19557 0.283203

-1.19557 0.283203
-1.19325 0.292969

-1.19325 0.292969
-1.19141 0.300446

-1.19141 0.300452
-1.19084 0.302734

-1.19084 0.302734
-1.18835 0.3125

-1.18835 0.3125
-1.18578 0.322266

-1.18578 0.322266
-1.18312 0.332031

-1.18312 0.332031
-1.18164 0.337283

-1.18164 0.337294
-1.18037 0.341797

-1.18037 0.341797
-1.17754 0.351562

-1.17754 0.351562
-1.17462 0.361328

-1.17462 0.361328
-1.17188 0.37026

-1.17188 0.370264
-1.17162 0.371094

-1.17162 0.371094
-1.16853 0.380859

-1.16853 0.380859
-1.16534 0.390625

-1.16534 0.390625
-1.16211 0.400283

-1.16211 0.40028
-1.16207 0.400391

-1.16207 0.400391
-1.15871 0.410156

-1.15871 0.410156
-1.15527 0.419922

-1.15527 0.419922
-1.15234 0.427982

-1.15234 0.42799
-1.15173 0.429688

-1.15173 0.429688
-1.14809 0.439453

-1.14809 0.439453
-1.14437 0.449219

-1.14437 0.449219
-1.14258 0.453795

-1.14258 0.453811
-1.14056 0.458984

-1.14055 0.458984
-1.13664 0.46875

-1.13664 0.46875
-1.13281 0.478079

-1.13281 0.478081
-1.13263 0.478516

-1.13263 0.478516
-1.12853 0.488281

-1.12853 0.488281
-1.12433 0.498047

-1.12433 0.498047
-1.12305 0.500951

-1.12305 0.500963
-1.12003 0.507812

-1.12003 0.507812
-1.11563 0.517578

-1.11563 0.517578
-1.11328 0.52267

-1.11328 0.522691
-1.11114 0.527344

-1.11113 0.527344
-1.10653 0.537109

-1.10653 0.537109
-1.10352 0.543361

-1.10352 0.543379
-1.10183 0.546875

-1.10183 0.546875
-1.09702 0.556641

-1.09701 0.556641
-1.09375 0.563123

-1.09375 0.563144
-1.09211 0.566406

-1.0921 0.566406
-1.08708 0.576172

-1.08707 0.576172
-1.08398 0.582051

-1.08398 0.582071
-1.08195 0.585938

-1.08195 0.585938
-1.0767 0.595703

-1.0767 0.595703
-1.07422 0.600224

-1.07422 0.600247
-1.07136 0.605469

-1.07135 0.605469
-1.06588 0.615234

-1.06588 0.615234
-1.06445 0.617721

-1.06445 0.617735
-1.0603 0.625

-1.0603 0.625
-1.05469 0.634608

-1.05469 0.634606
-1.0546 0.634766

-1.0546 0.634766
-1.04878 0.644531

-1.04877 0.644531
-1.04492 0.650856

-1.04492 0.650881
-1.04284 0.654297

-1.04283 0.654297
-1.03677 0.664062

-1.03676 0.664062
-1.03516 0.666615

-1.03516 0.666613
-1.03058 0.673828

-1.03058 0.673828
-1.02539 0.681852

-1.02539 0.681868
-1.02429 0.683594

-1.02427 0.683594
-1.01782 0.693359

-1.01779 0.693359
-1.01562 0.696599

-1.01562 0.696609
-1.0113 0.703125

-1.01125 0.703125
-1.00586 0.710964

-1.00586 0.710984
-1.00457 0.712891

-1.00454 0.712891
-0.997693 0.722656

-0.997685 0.722656
-0.996094 0.724937

-0.996094 0.72489
-0.990707 0.732422

-0.990695 0.732422
-0.986328 0.738408

-0.986328 0.738439
-0.983629 0.742188

-0.983586 0.742188
-0.976562 0.751621

-0.976562 0.751624
-0.976317 0.751953

-0.976317 0.751953
-0.968899 0.761719

-0.968893 0.761719
-0.966797 0.764471

-0.966797 0.764425
-0.961326 0.771484

-0.961291 0.771484
-0.957031 0.776923

-0.957031 0.776925
-0.953667 0.78125

-0.953608 0.78125
-0.947266 0.789106

-0.947266 0.789128
-0.945741 0.791016

-0.945728 0.791016
-0.937684 0.800781

-0.937684 0.800781
-0.9375 0.801002

-0.9375 0.801001
-0.929475 0.810547

-0.929464 0.810547
-0.927734 0.812585

-0.927734 0.812578
-0.921098 0.820312

-0.921072 0.820312
-0.917969 0.823899

-0.917969 0.823855
-0.912576 0.830078

-0.91249 0.830078
-0.908203 0.834951

-0.908203 0.834947
-0.903851 0.839844

-0.903805 0.839844
-0.898438 0.845796

-0.898438 0.845697
-0.885861 0.859375

-0.885735 0.859375
-0.878906 0.86656

-0.878906 0.866501
-0.876353 0.869141

-0.876367 0.869141
-0.869141 0.876571

-0.869141 0.876557
-0.866825 0.878906

-0.866816 0.878906
-0.859375 0.88637

-0.859375 0.886403
-0.847087 0.898438

-0.847116 0.898438
-0.839844 0.905392

-0.839844 0.905433
-0.836925 0.908203

-0.836927 0.908203
-0.830078 0.914588

-0.830078 0.914651
-0.826497 0.917969

-0.826509 0.917969
-0.820312 0.923621

-0.820312 0.923679
-0.815821 0.927734

-0.815855 0.927734
-0.810547 0.932475

-0.810547 0.932529
-0.804888 0.9375

-0.804957 0.9375
-0.800781 0.941157

-0.800781 0.941182
-0.793758 0.947266

-0.793782 0.947266
-0.791016 0.949641

-0.791016 0.949656
-0.782354 0.957031

-0.782361 0.957031
-0.78125 0.957967

-0.78125 0.95797
-0.771484 0.966118

-0.771484 0.966113
-0.770651 0.966797

-0.770652 0.966797
-0.761719 0.9741

-0.761719 0.974092
-0.758618 0.976562

-0.758659 0.976562
-0.751953 0.981924

-0.751953 0.98194
-0.746339 0.986328

-0.746369 0.986328
-0.742188 0.989535

-0.742188 0.989587
-0.733732 0.996094

-0.733736 0.996094
-0.732422 0.99709

-0.732422 0.997101
-0.722656 1.00447

-0.722656 1.00446
-0.720752 1.00586

-0.720779 1.00586
-0.712891 1.01169

-0.712891 1.01169
-0.707465 1.01562

-0.707485 1.01562
-0.703125 1.01876

-0.703125 1.01877
-0.693817 1.02539

-0.693816 1.02539
-0.693359 1.02571

-0.693359 1.02572
-0.683594 1.03252

-0.683594 1.03252
-0.679721 1.03516

-0.67974 1.03516
-0.673828 1.0392

-0.673828 1.03919
-0.665269 1.04492

-0.665307 1.04492
-0.664062 1.04573

-0.664062 1.04576
-0.65034 1.05469

-0.650375 1.05469
-0.644531 1.05845

-0.644531 1.05844
-0.635012 1.06445

-0.635009 1.06445
-0.634766 1.0646

-0.634766 1.06461
-0.625 1.07065

-0.625 1.07065
-0.61912 1.07422

-0.619131 1.07422
-0.615234 1.07658

-0.615234 1.07658
-0.605469 1.08239

-0.605469 1.08238
-0.602719 1.08398

-0.602726 1.08398
-0.595703 1.08808

-0.595703 1.08807
-0.585938 1.09365

-0.585938 1.09365
-0.585763 1.09375

-0.585762 1.09375
-0.576172 1.09912

-0.576172 1.09912
-0.568145 1.10352

-0.568146 1.10352
-0.566406 1.10447

-0.566406 1.10447
-0.556641 1.10971

-0.556641 1.10971
-0.54985 1.11328

-0.549855 1.11328
-0.546875 1.11485

-0.546875 1.11485
-0.537109 1.11988

-0.537109 1.11987
-0.530817 1.12305

-0.530822 1.12305
-0.527344 1.1248

-0.527344 1.1248
-0.517578 1.12962

-0.517578 1.12961
-0.510961 1.13281

-0.510968 1.13281
-0.507812 1.13435

-0.507812 1.13434
-0.498047 1.13896

-0.498047 1.13896
-0.490216 1.14258

-0.490216 1.14258
-0.488281 1.14347

-0.488281 1.14347
-0.478516 1.14789

-0.478516 1.14789
-0.46875 1.15221

-0.46875 1.15221
-0.468448 1.15234

-0.468445 1.15234
-0.458984 1.15643

-0.458984 1.15643
-0.449219 1.16056

-0.449219 1.16056
-0.445474 1.16211

-0.445473 1.16211
-0.439453 1.1646

-0.439453 1.1646
-0.429688 1.16854

-0.429688 1.16856
-0.421176 1.17188

-0.421234 1.17188
-0.419922 1.17239

-0.419922 1.17239
-0.410156 1.17615

-0.410156 1.17615
-0.400391 1.17982

-0.400391 1.17982
-0.395433 1.18164

-0.395429 1.18164
-0.390625 1.1834

-0.390625 1.1834
-0.380859 1.18689

-0.380859 1.18689
-0.371094 1.1903

-0.371094 1.1903
-0.367825 1.19141

-0.367819 1.19141
-0.361328 1.19361

-0.361328 1.19361
-0.351562 1.19684

-0.351562 1.19684
-0.341797 1.19998

-0.341797 1.19998
-0.337977 1.20117

-0.337975 1.20117
-0.332031 1.20303

-0.332031 1.20303
-0.322266 1.20601

-0.322266 1.20601
-0.3125 1.20889

-0.3125 1.20889
-0.305391 1.21094

-0.305381 1.21094
-0.302734 1.2117

-0.302734 1.2117
-0.292969 1.21442

-0.292969 1.21442
-0.283203 1.21707

-0.283203 1.21707
-0.273438 1.21963

-0.273438 1.21963
-0.269211 1.2207

-0.2692 1.2207
-0.263672 1.22211

-0.263672 1.22211
-0.253906 1.22451

-0.253906 1.22451
-0.244141 1.22683

-0.244141 1.22683
-0.234375 1.22908

-0.234375 1.22908
-0.228085 1.23047

-0.228074 1.23047
-0.224609 1.23124

-0.224609 1.23124
-0.214844 1.23332

-0.214844 1.23332
-0.205078 1.23533

-0.205078 1.23533
-0.195312 1.23727

-0.195312 1.23727
-0.185547 1.23913

-0.185547 1.23914
-0.179551 1.24023

-0.179546 1.24023
-0.175781 1.24092

-0.175781 1.24093
-0.166016 1.24264

-0.166016 1.24264
-0.15625 1.24429

-0.15625 1.24429
-0.146484 1.24586

-0.146484 1.24586
-0.136719 1.24736

-0.136719 1.24736
-0.126953 1.24878

-0.126953 1.24878
-0.118125 1.25

-0.118116 1.25
-0.117188 1.25013

-0.117188 1.25013
-0.107422 1.2514

-0.107422 1.2514
-0.0976562 1.2526

-0.0976562 1.2526
-0.0878906 1.25373

-0.0878906 1.25373
-0.078125 1.25478

-0.078125 1.25478
-0.0683594 1.25575

-0.0683594 1.25575
-0.0585938 1.25665

-0.0585938 1.25665
-0.0488281 1.25747

-0.0488281 1.25747
-0.0390625 1.25822

-0.0390625 1.25822
-0.0292969 1.2589

-0.0292969 1.2589
-0.0195312 1.2595

-0.0195312 1.2595
-0.0146769 1.25977

-0.0146371 1.25977
-0.00976562 1.26003

-0.00976562 1.26003
0 1.26048

0.429688 -1.87739
0.422406 -1.875

0.429688 -1.87738
0.439453 -1.88044

0.439453 -1.88044
0.449219 -1.88339

0.458984 -1.88624
0.453948 -1.88477

0.449219 -1.8834
0.45391 -1.88477

0.458984 -1.88624
0.46875 -1.88899

0.46875 -1.88899
0.478516 -1.89164

0.478516 -1.89164
0.488281 -1.89419

0.498047 -1.89665
0.489609 -1.89453

0.498047 -1.89665
0.507812 -1.899

0.488281 -1.89417
0.489725 -1.89453

0.507812 -1.899
0.517578 -1.90125

0.517578 -1.90125
0.527344 -1.90341

0.537109 -1.90543
0.531718 -1.9043

0.527344 -1.90345
0.531355 -1.9043

0.537109 -1.90546
0.546875 -1.90742

0.585938 -1.91425
0.58478 -1.91406

0.546875 -1.90742
0.556641 -1.90928

0.556641 -1.90928
0.566406 -1.91103

0.566406 -1.91103
0.576172 -1.91269

0.576172 -1.91269
0.584745 -1.91406

0.585938 -1.91425
0.595703 -1.91572

0.595703 -1.91572
0.605469 -1.91708

0.605469 -1.91708
0.615234 -1.91836

0.615234 -1.91836
0.625 -1.91953

0.117188 -1.72283
0.11117 -1.71875

0.126953 -1.72944
0.125547 -1.72852

0.117188 -1.72283
0.125625 -1.72852

0.126953 -1.72942
0.136719 -1.73588

0.146484 -1.74231
0.140289 -1.73828

0.15625 -1.74847
0.155566 -1.74805

0.146484 -1.74223
0.155598 -1.74805

0.136719 -1.73576
0.140607 -1.73828

0.00976562 -1.64254
0.00740529 -1.64062

0.00976562 -1.64246
0.0195312 -1.65035

0.0390625 -1.66583
0.0318308 -1.66016

0.0292969 -1.65813
0.0195762 -1.65039

0.0195312 -1.65035
0.0195793 -1.65039

0.0292969 -1.65805
0.0319993 -1.66016

0.0585938 -1.68081
0.0570925 -1.67969

0.0585938 -1.68078
0.0683594 -1.68809

0.078125 -1.69529
0.0701908 -1.68945

0.0683594 -1.68803
0.0703101 -1.68945

0.0488281 -1.67334
0.0443222 -1.66992

0.0390625 -1.66579
0.0444369 -1.66992

0.0488281 -1.67334
0.0571705 -1.67969

0 -1.63443
0.00755466 -1.64062

0.0878906 -1.70236
0.0835077 -1.69922

0.0976562 -1.70929
0.0972153 -1.70898

0.0878906 -1.70235
0.0972132 -1.70898

0.078125 -1.69526
0.083596 -1.69922

0.0976562 -1.7093
0.107422 -1.71613

0.107422 -1.71609
0.11131 -1.71875

0.175781 -1.76063
0.17119 -1.75781

0.175781 -1.76058
0.185547 -1.76646

0.195312 -1.77225
0.187398 -1.76758

0.185547 -1.76636
0.187613 -1.76758

0.15625 -1.74846
0.166016 -1.75458

0.166016 -1.75453
0.171357 -1.75781

0.205078 -1.77788
0.20414 -1.77734

0.205078 -1.77788
0.214844 -1.78341

0.195312 -1.77223
0.204157 -1.77734

0.224609 -1.78877
0.221617 -1.78711

0.214844 -1.78345
0.221443 -1.78711

0.224609 -1.78884
0.234375 -1.79414

0.244141 -1.7994
0.239386 -1.79688

0.244141 -1.79934
0.253906 -1.80442

0.263672 -1.80945
0.258144 -1.80664

0.253906 -1.80434
0.258421 -1.80664

0.263672 -1.80939
0.273438 -1.81425

0.283203 -1.81906
0.277748 -1.81641

0.283203 -1.819
0.292969 -1.82365

0.273438 -1.81418
0.278005 -1.81641

0.302734 -1.82806
0.298676 -1.82617

0.292969 -1.82374
0.298201 -1.82617

0.302734 -1.82818
0.3125 -1.8326

0.234375 -1.7941
0.239651 -1.79688

0.322266 -1.83695
0.31998 -1.83594

0.322266 -1.83692
0.332031 -1.84112

0.332031 -1.84112
0.341797 -1.84522

0.351562 -1.84924
0.342919 -1.8457

0.341797 -1.84509
0.343297 -1.8457

0.3125 -1.83261
0.320119 -1.83594

0.371094 -1.85677
0.367738 -1.85547

0.351562 -1.84922
0.361328 -1.85311

0.361328 -1.85318
0.367245 -1.85547

0.371094 -1.85689
0.380859 -1.86057

0.380859 -1.86057
0.390625 -1.86414

0.400391 -1.86752
0.393948 -1.86523

0.390625 -1.86433
0.393163 -1.86523

0.400391 -1.86761
0.410156 -1.87097

0.410156 -1.87097
0.419922 -1.87423

0.419922 -1.87426
0.42222 -1.875

0.625 -1.91953
0.634766 -1.92061

0.634766 -1.92061
0.644531 -1.92159

0.644531 -1.92159
0.654297 -1.92247

0.654297 -1.92247
0.664062 -1.92326

0.673828 -1.92395
0.672064 -1.92383

0.664062 -1.92326
0.672026 -1.92383

0.673828 -1.92396
0.683594 -1.92455

0.683594 -1.92455
0.693359 -1.92505

0.693359 -1.92505
0.703125 -1.92545

0.703125 -1.92545
0.712891 -1.92576

0.712891 -1.92576
0.722656 -1.92597

0.722656 -1.92597
0.732422 -1.92608

0.732422 -1.92608
0.742188 -1.92609

0.742188 -1.92609
0.751953 -1.926

0.751953 -1.926
0.761719 -1.92582

0.761719 -1.92582
0.771484 -1.92554

0.771484 -1.92554
0.78125 -1.92516

0.78125 -1.92516
0.791016 -1.92468

0.791016 -1.92468
0.800781 -1.9241

0.800781 -1.9241
0.804696 -1.92383

0.804705 -1.92383
0.810547 -1.92342

0.810547 -1.92342
0.820312 -1.92265

0.820312 -1.92265
0.830078 -1.92177

0.830078 -1.92177
0.839844 -1.9208

0.839844 -1.9208
0.849609 -1.91972

0.849609 -1.91972
0.859375 -1.91854

0.859375 -1.91854
0.869141 -1.91727

0.869141 -1.91727
0.878906 -1.91589

0.878906 -1.91589
0.888672 -1.9144

0.888672 -1.91438
0.890623 -1.91406

0.890686 -1.91406
0.898438 -1.91284

0.898438 -1.91282
0.908203 -1.91113

0.908203 -1.91113
0.917969 -1.90934

0.917969 -1.90934
0.927734 -1.90744

0.927734 -1.90744
0.9375 -1.90543

0.9375 -1.90542
0.942713 -1.9043

0.942814 -1.9043
0.947266 -1.90334

0.947266 -1.90332
0.957031 -1.90111

0.957031 -1.90111
0.966797 -1.89878

0.966797 -1.89878
0.976562 -1.89635

0.976562 -1.89635
0.983562 -1.89453

0.983572 -1.89453
0.986328 -1.89381

0.986328 -1.89381
0.996094 -1.89116

0.996094 -1.89116
1.00586 -1.8884

1.00586 -1.8884
1.01562 -1.88553

1.01562 -1.88552
1.01811 -1.88477

1.01815 -1.88477
1.02539 -1.88255

1.02539 -1.88255
1.03516 -1.87945

1.03516 -1.87945
1.04492 -1.87624

1.04492 -1.87621
1.04848 -1.875

1.04855 -1.875
1.05469 -1.87294

1.05469 -1.87291
1.06445 -1.86947

1.06445 -1.86947
1.07422 -1.8659

1.07422 -1.86589
1.07596 -1.86523

1.07599 -1.86523
1.08398 -1.86222

1.08398 -1.86222
1.09375 -1.85841

1.09375 -1.85841
1.10107 -1.85547

1.1011 -1.85547
1.10352 -1.8545

1.10352 -1.85449
1.11328 -1.85044

1.11328 -1.85044
1.12305 -1.84626

1.12305 -1.84626
1.1243 -1.8457

1.12433 -1.8457
1.13281 -1.84196

1.13281 -1.842
1.14598 -1.83594

1.14603 -1.83594
1.15234 -1.83299

1.15234 -1.83298
1.16211 -1.82829

1.16211 -1.82827
1.16635 -1.82617

1.16644 -1.82617
1.17188 -1.82349

1.17188 -1.82347
1.18164 -1.81851

1.18164 -1.8185
1.18565 -1.81641

1.18569 -1.81641
1.19141 -1.81342

1.19141 -1.81341
1.20117 -1.80818

1.20117 -1.80815
1.20392 -1.80664

1.20398 -1.80664
1.21094 -1.80281

1.21094 -1.80283
1.22133 -1.79688

1.2214 -1.79688
1.23047 -1.79161

1.23047 -1.7916
1.238 -1.78711

1.23807 -1.78711
1.24023 -1.78582

1.24023 -1.78579
1.25 -1.77982

1.25 -1.77979
1.25391 -1.77734

1.25396 -1.77734
1.25977 -1.7737

1.25977 -1.77369
1.26926 -1.76758

1.26926 -1.76758
1.26953 -1.76741

1.26953 -1.7674
1.2793 -1.76095

1.2793 -1.76091
1.28387 -1.75781

1.28394 -1.75781
1.28906 -1.75442

1.28906 -1.75434
1.29812 -1.74805

1.29813 -1.74805
1.29883 -1.74757

1.29883 -1.74755
1.30859 -1.7406

1.30859 -1.74056
1.3118 -1.73828

1.31177 -1.73828
1.31836 -1.73347

1.31836 -1.73345
1.32495 -1.72852

1.32498 -1.72852
1.32812 -1.72619

1.32812 -1.72614
1.33778 -1.71875

1.33776 -1.71875
1.33789 -1.71865

1.33789 -1.71865
1.34766 -1.71096

1.34766 -1.7111
1.35029 -1.70898

1.35004 -1.70898
1.35742 -1.70303

1.35742 -1.7028
1.36188 -1.69922

1.36229 -1.69922
1.36719 -1.69524

1.36719 -1.69507
1.38507 -1.67969

1.38503 -1.67969
1.38672 -1.67821

1.38672 -1.67821
1.39598 -1.66992

1.39598 -1.66992
1.39648 -1.66947

1.39648 -1.66947
1.40625 -1.66052

1.40625 -1.66052
1.40664 -1.66016

1.40664 -1.66016
1.41602 -1.65133

1.41602 -1.65132
1.41699 -1.65039

1.41699 -1.65039
1.42578 -1.6419

1.42578 -1.6419
1.42708 -1.64062

1.42707 -1.64062
1.43555 -1.63223

1.43555 -1.63222
1.4369 -1.63086

1.43691 -1.63086
1.44531 -1.62227

1.44531 -1.6223
1.44648 -1.62109

1.44647 -1.62109
1.45508 -1.61208

1.45508 -1.61209
1.4558 -1.61133

1.4558 -1.61133
1.46484 -1.60161

1.46484 -1.60161
1.46489 -1.60156

1.46489 -1.60156
1.47376 -1.5918

1.47373 -1.5918
1.47461 -1.59082

1.47461 -1.59084
1.48242 -1.58203

1.48242 -1.58203
1.48438 -1.57978

1.48438 -1.57981
1.49916 -1.5625

1.49925 -1.5625
1.50391 -1.5568

1.50391 -1.55642
1.50686 -1.55273

1.5071 -1.55273
1.51367 -1.54456

1.51367 -1.54471
1.51507 -1.54297

1.51497 -1.54297
1.52264 -1.5332

1.52266 -1.5332
1.52344 -1.53219

1.52344 -1.53221
1.5301 -1.52344

1.53013 -1.52344
1.5332 -1.51929

1.5332 -1.51938
1.53747 -1.51367

1.53746 -1.51367
1.54297 -1.50616

1.54297 -1.50617
1.54459 -1.50391

1.54462 -1.50391
1.55162 -1.49414

1.55161 -1.49414
1.55273 -1.49251

1.55273 -1.49256
1.55847 -1.48438

1.55848 -1.48438
1.5625 -1.4784

1.5625 -1.47856
1.56519 -1.47461

1.56516 -1.47461
1.57171 -1.46484

1.5717 -1.46484
1.57227 -1.46396

1.57227 -1.46399
1.57811 -1.45508

1.5781 -1.45508
1.58203 -1.44895

1.58203 -1.44898
1.58438 -1.44531

1.58437 -1.44531
1.5905 -1.43555

1.59047 -1.43555
1.5918 -1.43338

1.5918 -1.43344
1.59649 -1.42578

1.59649 -1.42578
1.60156 -1.41733

1.60156 -1.41728
1.60811 -1.40625

1.60806 -1.40625
1.61133 -1.40056

1.61133 -1.40061
1.6137 -1.39648

1.61368 -1.39648
1.61916 -1.38672

1.61914 -1.38672
1.62109 -1.38317

1.62109 -1.3832
1.62452 -1.37695

1.62451 -1.37695
1.62976 -1.36719

1.62974 -1.36719
1.63086 -1.36505

1.63086 -1.36509
1.63489 -1.35742

1.63488 -1.35742
1.63989 -1.34766

1.63988 -1.34766
1.64062 -1.34618

1.64062 -1.3462
1.64479 -1.33789

1.64479 -1.33789
1.64958 -1.32812

1.64957 -1.32812
1.65039 -1.32641

1.65039 -1.32645
1.65427 -1.31836

1.65427 -1.31836
1.65885 -1.30859

1.65884 -1.30859
1.66016 -1.30572

1.66016 -1.30574
1.66332 -1.29883

1.66332 -1.29883
1.66769 -1.28906

1.66768 -1.28906
1.66992 -1.28394

1.66992 -1.284
1.67198 -1.2793

1.67197 -1.2793
1.67614 -1.26953

1.67614 -1.26953
1.67969 -1.26103

1.67969 -1.26105
1.68022 -1.25977

1.68022 -1.25977
1.6842 -1.25

1.6842 -1.25
1.68809 -1.24023

1.68807 -1.24023
1.68945 -1.23669

1.68945 -1.23673
1.69189 -1.23047

1.69188 -1.23047
1.69558 -1.2207

1.69558 -1.2207
1.6992 -1.21094

1.6992 -1.21094
1.69922 -1.21087

1.69922 -1.21087
1.70272 -1.20117

1.70272 -1.20117
1.70616 -1.19141

1.70616 -1.19141
1.70898 -1.18316

1.70898 -1.18318
1.70951 -1.18164

1.70951 -1.18164
1.71277 -1.17188

1.71279 -1.17188
1.71875 -1.15334

1.71875 -1.15333
1.71906 -1.15234

1.71905 -1.15234
1.72207 -1.14258

1.72207 -1.14258
1.725 -1.13281

1.725 -1.13281
1.72786 -1.12305

1.72785 -1.12305
1.72852 -1.1207

1.72852 -1.12074
1.73064 -1.11328

1.73063 -1.11328
1.73333 -1.10352

1.73333 -1.10352
1.73595 -1.09375

1.73595 -1.09375
1.73828 -1.08481

1.73828 -1.08482
1.7385 -1.08398

1.7385 -1.08398
1.74097 -1.07422

1.74097 -1.07422
1.74336 -1.06445

1.74336 -1.06445
1.74568 -1.05469

1.74568 -1.05469
1.74792 -1.04492

1.74792 -1.04492
1.74805 -1.04434

1.74805 -1.04437
1.7501 -1.03516

1.7501 -1.03516
1.7522 -1.02539

1.7522 -1.02539
1.75423 -1.01562

1.75425 -1.01562
1.75781 -0.997584

1.75781 -0.997594
1.7581 -0.996094

1.75809 -0.996094
1.75991 -0.986328

1.75991 -0.986328
1.76167 -0.976562

1.76167 -0.976562
1.76336 -0.966797

1.76336 -0.966797
1.76498 -0.957031

1.76498 -0.957031
1.76654 -0.947266

1.76653 -0.947266
1.76758 -0.940418

1.76758 -0.940476
1.76803 -0.9375

1.76803 -0.9375
1.76945 -0.927734

1.76945 -0.927734
1.7708 -0.917969

1.7708 -0.917969
1.77209 -0.908203

1.77209 -0.908203
1.77332 -0.898438

1.77332 -0.898438
1.77448 -0.888672

1.77448 -0.888672
1.77558 -0.878906

1.77558 -0.878906
1.77661 -0.869141

1.77661 -0.869141
1.77734 -0.861773

1.77734 -0.861737
1.77758 -0.859375

1.77758 -0.859375
1.77849 -0.849609

1.77849 -0.849609
1.77933 -0.839844

1.77933 -0.839844
1.78011 -0.830078

1.78011 -0.830078
1.78082 -0.820312

1.78082 -0.820312
1.78148 -0.810547

1.78148 -0.810547
1.78207 -0.800781

1.78207 -0.800781
1.78261 -0.791016

1.78261 -0.791016
1.78309 -0.78125

1.78308 -0.78125
1.7835 -0.771484

1.7835 -0.771484
1.78386 -0.761719

1.78386 -0.761719
1.78416 -0.751953

1.78416 -0.751953
1.78441 -0.742188

1.78441 -0.742188
1.78459 -0.732422

1.78459 -0.732422
1.78472 -0.722656

1.78472 -0.722656
1.7848 -0.712891

1.7848 -0.712891
1.78482 -0.703125

1.78482 -0.703125
1.78478 -0.693359

1.78478 -0.693359
1.78469 -0.683594

1.78469 -0.683594
1.78455 -0.673828

1.78455 -0.673828
1.78435 -0.664062

1.78435 -0.664062
1.7841 -0.654297

1.7841 -0.654297
1.7838 -0.644531

1.7838 -0.644531
1.78345 -0.634766

1.78345 -0.634766
1.78304 -0.625

1.78304 -0.625
1.78259 -0.615234

1.78259 -0.615234
1.78208 -0.605469

1.78208 -0.605469
1.78152 -0.595703

1.78152 -0.595703
1.78092 -0.585938

1.78092 -0.585938
1.78026 -0.576172

1.78026 -0.576172
1.77955 -0.566406

1.77955 -0.566406
1.77879 -0.556641

1.77879 -0.556641
1.77798 -0.546875

1.77734 -0.539382
1.77714 -0.537109

1.77712 -0.537109
1.77621 -0.527344

1.77621 -0.527344
1.77524 -0.517578

1.77524 -0.517578
1.77421 -0.507812

1.77734 -0.539714
1.77798 -0.546875

1.77421 -0.507812
1.77313 -0.498047

1.77313 -0.498047
1.772 -0.488281

1.772 -0.488281
1.77082 -0.478516

1.77082 -0.478516
1.76958 -0.46875

1.75781 -0.390709
1.7578 -0.390625

1.76758 -0.453556
1.76698 -0.449219

1.76958 -0.46875
1.76829 -0.458984

1.76758 -0.454048
1.76826 -0.458984

1.76695 -0.449219
1.76555 -0.439453

1.76555 -0.439453
1.7641 -0.429688

1.7641 -0.429688
1.7626 -0.419922

1.7626 -0.419922
1.76105 -0.410156

1.76105 -0.410156
1.75945 -0.400391

1.75781 -0.390721
1.75945 -0.400391

1.7578 -0.390625
1.75609 -0.380859

1.75609 -0.380859
1.75434 -0.371094

1.75433 -0.371094
1.75253 -0.361328

1.75253 -0.361328
1.75067 -0.351562

1.74805 -0.338126
1.74683 -0.332031

1.75067 -0.351562
1.74877 -0.341797

1.74805 -0.338306
1.74874 -0.341797

1.74682 -0.332031
1.74481 -0.322266

1.74481 -0.322266
1.74277 -0.3125

1.71875 -0.211466
1.71443 -0.195312

1.71442 -0.195312
1.71173 -0.185547

1.71173 -0.185547
1.709 -0.175781

1.70898 -0.17574
1.70621 -0.166016

1.70621 -0.166016
1.70338 -0.15625

1.70898 -0.175741
1.709 -0.175781

1.67969 -0.0804443
1.67892 -0.078125

1.69922 -0.142096
1.6976 -0.136719

1.69757 -0.136719
1.69458 -0.126953

1.69458 -0.126953
1.69155 -0.117188

1.70338 -0.15625
1.7005 -0.146484

1.69922 -0.142377
1.70045 -0.146484

1.68945 -0.110446
1.6885 -0.107422

1.68846 -0.107422
1.68532 -0.0976562

1.68945 -0.110626
1.69153 -0.117188

1.68532 -0.0976562
1.68213 -0.0878906

1.67969 -0.0805566
1.68212 -0.0878906

1.67889 -0.078125
1.6756 -0.0683594

1.6756 -0.0683594
1.67226 -0.0585938

1.66992 -0.0517885
1.66889 -0.0488281

1.66887 -0.0488281
1.66543 -0.0390625

1.66992 -0.0518817
1.67225 -0.0585938

1.66016 -0.024266
1.65844 -0.0195312

1.6584 -0.0195312
1.65481 -0.00976562

1.6548 -0.00976562
1.65116 0

1.66543 -0.0390625
1.66194 -0.0292969

1.66016 -0.0244773
1.6619 -0.0292969

1.73828 -0.291856
1.73634 -0.283203

1.73634 -0.283203
1.7341 -0.273438

1.74277 -0.3125
1.74067 -0.302734

1.74067 -0.302734
1.73853 -0.292969

1.73828 -0.291914
1.73852 -0.292969

1.7341 -0.273438
1.73181 -0.263672

1.73181 -0.263672
1.72948 -0.253906

1.72852 -0.249858
1.72712 -0.244141

1.72709 -0.244141
1.72465 -0.234375

1.72852 -0.250162
1.72943 -0.253906

1.72465 -0.234375
1.72217 -0.224609

1.72217 -0.224609
1.71963 -0.214844

1.71875 -0.211501
1.71963 -0.214844

0.234375 1.24983
0.233035 1.25

0.234375 1.24983
0.244141 1.24851

0.244141 1.24851
0.253906 1.24714

0.253906 1.24714
0.263672 1.24569

0.263672 1.24569
0.273438 1.24418

0.273438 1.24418
0.283203 1.24261

0.283203 1.24261
0.292969 1.24097

0.302734 1.23926
0.297175 1.24023

0.292969 1.24097
0.297188 1.24023

0.302734 1.23926
0.3125 1.23749

0.3125 1.23749
0.322266 1.23565

0.322266 1.23565
0.332031 1.23374

0.351562 1.2297
0.347914 1.23047

0.332031 1.23374
0.341797 1.23176

0.341797 1.23175
0.347896 1.23047

0.351562 1.2297
0.361328 1.22757

0.361328 1.22757
0.371094 1.22536

0.371094 1.22536
0.380859 1.22309

0.380859 1.22309
0.390625 1.22074

0.429688 1.21064
0.428583 1.21094

0.400391 1.21832
0.39078 1.2207

0.390625 1.22074
0.390782 1.2207

0.400391 1.21832
0.410156 1.21583

0.410156 1.21583
0.419922 1.21327

0.419922 1.21327
0.428584 1.21094

0.429688 1.21064
0.439453 1.20793

0.439453 1.20793
0.449219 1.20515

0.449219 1.20515
0.458984 1.2023

0.46875 1.19938
0.462755 1.20117

0.458984 1.2023
0.462753 1.20117

0.46875 1.19937
0.478516 1.19637

0.478516 1.19637
0.488281 1.1933

0.498047 1.19015
0.494162 1.19141

0.498047 1.19015
0.507812 1.18692

0.488281 1.1933
0.494146 1.19141

0.507812 1.18692
0.517578 1.18362

0.527344 1.18025
0.523312 1.18164

0.517578 1.18362
0.523306 1.18164

0.527344 1.18025
0.537109 1.1768

0.537109 1.1768
0.546875 1.17327

0.556641 1.16968
0.550674 1.17188

0.556641 1.16967
0.566406 1.16599

0.566406 1.16599
0.576172 1.16224

0.585938 1.1584
0.576499 1.16211

0.576172 1.16224
0.5765 1.16211

0.605469 1.1505
0.600971 1.15234

0.585938 1.15841
0.595703 1.15449

0.595703 1.15449
0.60094 1.15234

0.605469 1.1505
0.615234 1.14642

0.625 1.14226
0.624264 1.14258

0.615234 1.14642
0.624264 1.14258

0.546875 1.17327
0.55063 1.17188

0.742188 1.08625
0.727776 1.09375

0.751953 1.08103
0.746406 1.08398

0.742188 1.08623
0.746389 1.08398

0.751953 1.08102
0.761719 1.07573

0.771484 1.07035
0.764465 1.07422

0.771484 1.07035
0.78125 1.06488

0.761719 1.07572
0.764447 1.07422

0.664062 1.12489
0.646579 1.13281

0.625 1.14226
0.634766 1.13803

0.634766 1.13803
0.644531 1.13372

0.644531 1.13373
0.64658 1.13281

0.673828 1.12032
0.667978 1.12305

0.664062 1.12486
0.667969 1.12305

0.673828 1.12032
0.683594 1.1157

0.693359 1.11101
0.688634 1.11328

0.693359 1.111
0.703125 1.10621

0.683594 1.11569
0.688603 1.11328

0.712891 1.10135
0.708548 1.10352

0.703125 1.1062
0.708515 1.10352

0.712891 1.10134
0.722656 1.09639

0.722656 1.09639
0.727784 1.09375

0.800781 1.05367
0.799031 1.05469

0.800781 1.05366
0.810547 1.04791

0.820312 1.04207
0.815551 1.04492

0.810547 1.0479
0.815524 1.04492

0.791016 1.05932
0.781998 1.06445

0.78125 1.06487
0.781995 1.06445

0.791016 1.05931
0.799003 1.05469

0.839844 1.03009
0.831649 1.03516

0.820312 1.04206
0.830078 1.03613

0.830078 1.03611
0.831649 1.03516

0.849609 1.02398
0.847345 1.02539

0.839844 1.03009
0.847325 1.02539

0.849609 1.02396
0.859375 1.01774

0.869141 1.01142
0.862638 1.01562

0.878906 1.00503
0.877612 1.00586

0.869141 1.01142
0.877601 1.00586

0.898438 0.99189
0.892228 0.996094

0.878906 1.005
0.888672 0.998493

0.888672 0.998472
0.892211 0.996094

0.9375 0.964444
0.920519 0.976562

0.908203 0.985203
0.906534 0.986328

0.898438 0.991877
0.906508 0.986328

0.908203 0.985167
0.917969 0.978353

0.917969 0.978344
0.920552 0.976562

0.859375 1.01772
0.862676 1.01562

0.976562 0.93531
0.973664 0.9375

0.976562 0.935275
0.986319 0.927734

0.986328 0.927727
0.996094 0.920076

1.00586 0.912316
0.998743 0.917969

1.01562 0.904504
1.01095 0.908203

1.00586 0.912274
1.01099 0.908203

0.996094 0.920071
0.998777 0.917969

1.07422 0.854871
1.06903 0.859375

1.09375 0.837326
1.09097 0.839844

1.08398 0.846138
1.08008 0.849609

1.07422 0.85479
1.08013 0.849609

1.08398 0.846099
1.09097 0.839844

1.02539 0.896501
1.02301 0.898438

1.03516 0.888384
1.03481 0.888672

1.02539 0.896477
1.03481 0.888672

1.05469 0.871849
1.04641 0.878906

1.03516 0.888383
1.04492 0.880174

1.04492 0.880161
1.04641 0.878906

1.01562 0.904416
1.02303 0.898438

1.06445 0.863425
1.05781 0.869141

1.05469 0.871816
1.05781 0.869141

1.06445 0.863353
1.06905 0.859375

1.17188 0.761889
1.15267 0.78125

1.23047 0.69922
1.22699 0.703125

1.25 0.677037
1.24433 0.683594

1.24023 0.688178
1.2357 0.693359

1.23047 0.699196
1.2356 0.693359

1.24023 0.688204
1.24426 0.683594

1.19141 0.741598
1.19085 0.742188

1.21094 0.720731
1.20916 0.722656

1.20117 0.731234
1.20006 0.732422

1.19141 0.741587
1.20005 0.732422

1.20117 0.731223
1.20914 0.722656

1.18164 0.751802
1.1815 0.751953

1.18149 0.751953
1.17201 0.761719

1.18164 0.751799
1.19084 0.742188

1.17188 0.761854
1.17201 0.761719

1.2207 0.710054
1.21813 0.712891

1.21094 0.720704
1.21808 0.712891

1.2207 0.710037
1.2269 0.703125

1.11328 0.819278
1.11218 0.820312

1.13281 0.80068
1.13271 0.800781

1.12305 0.810046
1.12252 0.810547

1.11328 0.819264
1.12251 0.810547

1.12305 0.810041
1.13271 0.800781

1.10352 0.828367
1.10166 0.830078

1.09375 0.837294
1.10164 0.830078

1.10352 0.828349
1.11216 0.820312

1.13281 0.800678
1.14258 0.791178

1.15234 0.781541
1.14274 0.791016

1.14258 0.791176
1.14274 0.791016

1.15234 0.781569
1.15266 0.78125

0.957031 0.950058
0.947618 0.957031

0.9375 0.964419
0.947266 0.957292

0.947266 0.957288
0.947617 0.957031

0.966797 0.94272
0.960746 0.947266

0.957031 0.950027
0.960788 0.947266

0.966797 0.942708
0.973629 0.9375

0 1.26048
0.00976562 1.26086

0.00976562 1.26086
0.0195312 1.26117

0.0195312 1.26117
0.0292969 1.26141

0.0292969 1.26141
0.0390625 1.26157

0.0390625 1.26157
0.0488281 1.26166

0.0488281 1.26166
0.0585938 1.26168

0.0585938 1.26168
0.0683594 1.26162

0.0683594 1.26162
0.078125 1.2615

0.078125 1.2615
0.0878906 1.2613

0.0878906 1.2613
0.0976562 1.26103

0.0976562 1.26103
0.107422 1.26068

0.107422 1.26068
0.117188 1.26027

0.117188 1.26027
0.126953 1.25978

0.136719 1.25923
0.127246 1.25977

0.126953 1.25978
0.127266 1.25977

0.136719 1.25923
0.146484 1.2586

0.146484 1.2586
0.15625 1.2579

0.15625 1.2579
0.166016 1.25714

0.166016 1.25714
0.175781 1.2563

0.175781 1.2563
0.185547 1.25539

0.185547 1.25539
0.195312 1.25442

0.195312 1.25442
0.205078 1.25338

0.205078 1.25338
0.214844 1.25226

0.214844 1.25226
0.224609 1.25108

0.224609 1.25108
0.233049 1.25

1.5625 0.204751
1.56234 0.205078

1.56235 0.205078
1.55752 0.214844

1.55273 0.224397
1.55263 0.224609

1.55262 0.224609
1.54767 0.234375

1.55273 0.224389
1.55752 0.214844

1.52344 0.28058
1.52203 0.283203

1.52201 0.283203
1.51669 0.292969

1.51367 0.298507
1.51134 0.302734

1.51131 0.302734
1.50587 0.3125

1.51367 0.29841
1.51667 0.292969

1.54297 0.243559
1.54267 0.244141

1.54266 0.244141
1.53759 0.253906

1.5332 0.262294
1.53248 0.263672

1.53246 0.263672
1.52726 0.273438

1.5332 0.262245
1.53759 0.253906

1.54297 0.243541
1.54767 0.234375

1.52344 0.280508
1.52726 0.273438

1.32812 0.581939
1.32506 0.585938

1.29883 0.61888
1.29388 0.625

1.30859 0.606745
1.30178 0.615234

1.29883 0.61886
1.30173 0.615234

1.31836 0.594439
1.31737 0.595703

1.31736 0.595703
1.30962 0.605469

1.31836 0.594433
1.32502 0.585938

1.30859 0.606739
1.3096 0.605469

1.36719 0.529918
1.35477 0.546875

1.38672 0.502516
1.38301 0.507812

1.40625 0.474192
1.40333 0.478516

1.40328 0.478516
1.39659 0.488281

1.39648 0.488437
1.38983 0.498047

1.38672 0.502443
1.38979 0.498047

1.39648 0.488435
1.39659 0.488281

1.37695 0.516313
1.37607 0.517578

1.37605 0.517578
1.36903 0.527344

1.37695 0.516302
1.38298 0.507812

1.36719 0.529885
1.36899 0.527344

1.34766 0.556362
1.34745 0.556641

1.34745 0.556641
1.34006 0.566406

1.33789 0.569275
1.33261 0.576172

1.32812 0.581926
1.33257 0.576172

1.33789 0.5692
1.33999 0.566406

1.34766 0.556359
1.35474 0.546875

1.48438 0.350046
1.4835 0.351562

1.46484 0.382792
1.46007 0.390625

1.47461 0.366571
1.47191 0.371094

1.48348 0.351562
1.47772 0.361328

1.47461 0.366531
1.47771 0.361328

1.4719 0.371094
1.46602 0.380859

1.46484 0.38276
1.46599 0.380859

1.44531 0.414364
1.43559 0.429688

1.42578 0.444857
1.42293 0.449219

1.41602 0.459606
1.40989 0.46875

1.42289 0.449219
1.41643 0.458984

1.41602 0.459585
1.41641 0.458984

1.43555 0.429728
1.42927 0.439453

1.42578 0.444735
1.42923 0.439453

1.43555 0.429756
1.43559 0.429688

1.45508 0.398736
1.45407 0.400391

1.45405 0.400391
1.44796 0.410156

1.45508 0.398714
1.46006 0.390625

1.44531 0.414363
1.44796 0.410156

1.50391 0.316022
1.50039 0.322266

1.50037 0.322266
1.49481 0.332031

1.49414 0.33319
1.48918 0.341797

1.48438 0.350022
1.48917 0.341797

1.49414 0.333151
1.49478 0.332031

1.50391 0.315938
1.50584 0.3125

1.40625 0.474107
1.40983 0.46875

1.64062 0.0274339
1.63607 0.0390625

1.62109 0.0758276
1.62014 0.078125

1.63086 0.0519939
1.62818 0.0585938

1.63605 0.0390625
1.63214 0.0488281

1.63086 0.051973
1.63213 0.0488281

1.62818 0.0585938
1.62417 0.0683594

1.62109 0.0757384
1.62416 0.0683594

1.60156 0.121187
1.599 0.126953

1.59899 0.126953
1.5946 0.136719

1.5918 0.142948
1.59019 0.146484

1.59016 0.146484
1.58567 0.15625

1.5918 0.142847
1.59458 0.136719

1.62011 0.078125
1.61599 0.0878906

1.61599 0.0878906
1.61182 0.0976562

1.61133 0.0988034
1.6076 0.107422

1.6076 0.107422
1.60332 0.117188

1.61133 0.0987479
1.6118 0.0976562

1.60156 0.121063
1.60329 0.117188

1.65039 0.00204278
1.64747 0.00976562

1.64746 0.00976562
1.64371 0.0195312

1.65039 0.00193393
1.65112 0

1.64062 0.0274507
1.64371 0.0195312

1.58203 0.164102
1.58114 0.166016

1.58112 0.166016
1.57651 0.175781

1.57227 0.184701
1.57186 0.185547

1.57185 0.185547
1.56713 0.195312

1.57227 0.184667
1.57651 0.175781

1.58203 0.164039
1.58566 0.15625

1.5625 0.204741
1.56714 0.195312

1.26953 0.654276
1.26951 0.654297

1.26951 0.654297
1.26121 0.664062

1.2793 0.642638
1.27773 0.644531

1.28906 0.630835
1.28587 0.634766

1.2793 0.642633
1.28583 0.634766

1.26953 0.654275
1.27772 0.644531

1.25977 0.665743
1.2528 0.673828

1.25 0.677023
1.25276 0.673828

1.25977 0.665719
1.26118 0.664062

1.28906 0.630843
1.29382 0.625

