-0.400391 -1.25051
-0.400925 -1.25

-0.390625 -1.25992
-0.390789 -1.25977

-0.400391 -1.2505
-0.390787 -1.25977

-0.3125 -1.33825
-0.322351 -1.32812

-0.351562 -1.29842
-0.360928 -1.28906

-0.371094 -1.27902
-0.380759 -1.26953

-0.390625 -1.25992
-0.380859 -1.26943

-0.380859 -1.26942
-0.38075 -1.26953

-0.361328 -1.28867
-0.370812 -1.2793

-0.371094 -1.27901
-0.370801 -1.2793

-0.361328 -1.28865
-0.360916 -1.28906

-0.332031 -1.31821
-0.34149 -1.30859

-0.341797 -1.30828
-0.351162 -1.29883

-0.351562 -1.29839
-0.351129 -1.29883

-0.341797 -1.30827
-0.341476 -1.30859

-0.322349 -1.32812
-0.331894 -1.31836

-0.332031 -1.31821
-0.331883 -1.31836

-0.0878906 -1.56437
-0.0899077 -1.5625

-0.078125 -1.57333
-0.0792925 -1.57227

-0.0878906 -1.5643
-0.0792424 -1.57227

0 -1.64129
-0.000809958 -1.64062

-0.0390625 -1.6082
-0.0466984 -1.60156

-0.0683594 -1.5822
-0.0685427 -1.58203

-0.0683594 -1.58219
-0.0585938 -1.59097

-0.078125 -1.5733
-0.0685343 -1.58203

-0.0488281 -1.59964
-0.057667 -1.5918

-0.0585938 -1.59096
-0.0576481 -1.5918

-0.0488281 -1.59954
-0.0465248 -1.60156

-0.0195312 -1.62495
-0.024133 -1.62109

-0.0292969 -1.61665
-0.0355427 -1.61133

-0.0390625 -1.60812
-0.0353386 -1.61133

-0.0292969 -1.61665
-0.0240138 -1.62109

-0.00976562 -1.63319
-0.0125711 -1.63086

-0.0195312 -1.62495
-0.0124929 -1.63086

-0.00976562 -1.63317
-0.000761071 -1.64062

-0.244141 -1.40916
-0.246934 -1.40625

-0.234375 -1.41931
-0.237552 -1.41602

-0.244141 -1.40904
-0.237459 -1.41602

-0.166016 -1.48897
-0.17061 -1.48438

-0.15625 -1.49869
-0.160831 -1.49414

-0.166016 -1.48884
-0.160696 -1.49414

-0.205078 -1.44947
-0.209124 -1.44531

-0.195312 -1.45946
-0.199612 -1.45508

-0.205078 -1.44935
-0.199488 -1.45508

-0.224609 -1.42937
-0.228072 -1.42578

-0.214844 -1.43947
-0.218652 -1.43555

-0.224609 -1.42928
-0.218562 -1.43555

-0.234375 -1.41916
-0.228004 -1.42578

-0.214844 -1.43932
-0.209022 -1.44531

-0.185547 -1.46932
-0.189955 -1.46484

-0.175781 -1.4792
-0.180342 -1.47461

-0.185547 -1.46923
-0.180238 -1.47461

-0.195312 -1.45929
-0.189853 -1.46484

-0.175781 -1.47906
-0.170472 -1.48438

-0.283203 -1.36852
-0.284492 -1.36719

-0.273438 -1.37867
-0.275088 -1.37695

-0.283203 -1.3684
-0.274991 -1.37695

-0.302734 -1.34829
-0.303346 -1.34766

-0.292969 -1.35837
-0.293889 -1.35742

-0.302734 -1.34826
-0.293844 -1.35742

-0.3125 -1.33823
-0.303322 -1.34766

-0.292969 -1.35831
-0.284398 -1.36719

-0.263672 -1.3888
-0.265669 -1.38672

-0.253906 -1.39901
-0.256331 -1.39648

-0.263672 -1.38872
-0.256276 -1.39648

-0.273438 -1.37854
-0.265627 -1.38672

-0.253906 -1.39888
-0.246869 -1.40625

-0.126953 -1.52741
-0.131059 -1.52344

-0.117188 -1.53674
-0.120896 -1.5332

-0.126953 -1.52729
-0.120782 -1.5332

-0.146484 -1.50834
-0.150991 -1.50391

-0.136719 -1.51786
-0.141021 -1.51367

-0.146484 -1.50824
-0.140929 -1.51367

-0.15625 -1.49855
-0.150836 -1.50391

-0.136719 -1.51776
-0.130868 -1.52344

-0.107422 -1.54607
-0.1107 -1.54297

-0.0976562 -1.55522
-0.10031 -1.55273

-0.107422 -1.54603
-0.100232 -1.55273

-0.117188 -1.53668
-0.110549 -1.54297

-0.0976562 -1.5552
-0.0897911 -1.5625

-1.01562 -0.677042
-1.01785 -0.673828

-1.01788 -0.673828
-1.02464 -0.664062

-1.03516 -0.64842
-1.03772 -0.644531

-1.04492 -0.633406
-1.05026 -0.625

-1.03772 -0.644531
-1.04406 -0.634766

-1.04492 -0.633376
-1.04406 -0.634766

-1.02539 -0.662954
-1.03125 -0.654297

-1.03516 -0.648399
-1.03125 -0.654297

-1.02539 -0.662931
-1.02464 -0.664062

-0.996094 -0.70397
-0.996721 -0.703125

-0.976562 -0.729411
-0.981865 -0.722656

-0.986328 -0.716873
-0.989316 -0.712891

-0.996094 -0.703967
-0.989371 -0.712891

-0.986328 -0.716857
-0.981875 -0.722656

-0.957031 -0.753541
-0.958344 -0.751953

-0.958352 -0.751953
-0.966353 -0.742188

-0.947266 -0.765158
-0.950163 -0.761719

-0.9375 -0.776507
-0.941808 -0.771484

-0.947266 -0.765118
-0.941864 -0.771484

-0.957031 -0.753534
-0.950185 -0.761719

-0.966797 -0.741633
-0.974188 -0.732422

-0.976562 -0.729368
-0.97418 -0.732422

-0.966797 -0.741633
-0.96635 -0.742188

-1.00586 -0.6907
-1.01099 -0.683594

-0.996728 -0.703125
-1.00393 -0.693359

-1.00586 -0.69064
-1.00393 -0.693359

-1.01562 -0.677031
-1.01099 -0.683594

-0.771484 -0.938551
-0.772714 -0.9375

-0.771484 -0.938552
-0.761719 -0.946862

-0.742188 -0.963216
-0.749612 -0.957031

-0.751953 -0.955083
-0.761238 -0.947266

-0.761719 -0.946862
-0.76124 -0.947266

-0.751953 -0.955091
-0.749618 -0.957031

-0.722656 -0.979296
-0.726029 -0.976562

-0.712891 -0.987247
-0.714027 -0.986328

-0.722656 -0.979288
-0.714015 -0.986328

-0.712891 -0.987243
-0.703125 -0.995149

-0.732422 -0.971243
-0.737883 -0.966797

-0.742188 -0.963256
-0.73784 -0.966797

-0.732422 -0.971277
-0.725954 -0.976562

-0.673828 -1.01861
-0.677629 -1.01562

-0.664062 -1.0264
-0.665337 -1.02539

-0.673828 -1.01861
-0.665309 -1.02539

-0.625 -1.05741
-0.628475 -1.05469

-0.644531 -1.0419
-0.653027 -1.03516

-0.664062 -1.02638
-0.654297 -1.03415

-0.654297 -1.03414
-0.653012 -1.03516

-0.634766 -1.04963
-0.640722 -1.04492

-0.644531 -1.04195
-0.640714 -1.04492

-0.634766 -1.04963
-0.628376 -1.05469

-0.693359 -1.00301
-0.701951 -0.996094

-0.683594 -1.01081
-0.6898 -1.00586

-0.693359 -1.00305
-0.6898 -1.00586

-0.703125 -0.995147
-0.701946 -0.996094

-0.683594 -1.01083
-0.677555 -1.01562

-0.927734 -0.787586
-0.933284 -0.78125

-0.917969 -0.798392
-0.924622 -0.791016

-0.927734 -0.787558
-0.924659 -0.791016

-0.908203 -0.808969
-0.915769 -0.800781

-0.898438 -0.819327
-0.906728 -0.810547

-0.908203 -0.808967
-0.906729 -0.810547

-0.917969 -0.798384
-0.915782 -0.800781

-0.888672 -0.829477
-0.897501 -0.820312

-0.878906 -0.839427
-0.888088 -0.830078

-0.888672 -0.829477
-0.888088 -0.830078

-0.869141 -0.849185
-0.878493 -0.839844

-0.859375 -0.858766
-0.868711 -0.849609

-0.869141 -0.849186
-0.868713 -0.849609

-0.878906 -0.839427
-0.878493 -0.839844

-0.898438 -0.819328
-0.897499 -0.820312

-0.849609 -0.868178
-0.858745 -0.859375

-0.839844 -0.877429
-0.848598 -0.869141

-0.849609 -0.86818
-0.848602 -0.869141

-0.830078 -0.886528
-0.838273 -0.878906

-0.820312 -0.895482
-0.827778 -0.888672

-0.830078 -0.886535
-0.827758 -0.888672

-0.839844 -0.877433
-0.838272 -0.878906

-0.810547 -0.904301
-0.817121 -0.898438

-0.800781 -0.913026
-0.806263 -0.908203

-0.810547 -0.904336
-0.806196 -0.908203

-0.791016 -0.921617
-0.795209 -0.917969

-0.78125 -0.930145
-0.784042 -0.927734

-0.791016 -0.921661
-0.784009 -0.927734

-0.800781 -0.913093
-0.795177 -0.917969

-0.820312 -0.895497
-0.817063 -0.898438

-0.859375 -0.858768
-0.85875 -0.859375

-0.9375 -0.776456
-0.933353 -0.78125

-0.78125 -0.930149
-0.772707 -0.9375

-1.09375 -0.549571
-1.09518 -0.546875

-1.11328 -0.510762
-1.1147 -0.507812

-1.10352 -0.530624
-1.10517 -0.527344

-1.09518 -0.546875
-1.10023 -0.537109

-1.10352 -0.530614
-1.10023 -0.537109

-1.10517 -0.527344
-1.10999 -0.517578

-1.11328 -0.510754
-1.10999 -0.517578

-1.12305 -0.489876
-1.12378 -0.488281

-1.1147 -0.507812
-1.1193 -0.498047

-1.12305 -0.489872
-1.11929 -0.498047

-1.12378 -0.488281
-1.12815 -0.478516

-1.12815 -0.478516
-1.13241 -0.46875

-1.17188 -0.363245
-1.17249 -0.361328

-1.17249 -0.361328
-1.17555 -0.351562

-1.17555 -0.351562
-1.17851 -0.341797

-1.17851 -0.341797
-1.18138 -0.332031

-1.18164 -0.331106
-1.18415 -0.322266

-1.18415 -0.322266
-1.18684 -0.3125

-1.18164 -0.331105
-1.18138 -0.332031

-1.13281 -0.467811
-1.13657 -0.458984

-1.13657 -0.458984
-1.14062 -0.449219

-1.14258 -0.444375
-1.14457 -0.439453

-1.14456 -0.439453
-1.14841 -0.429688

-1.14258 -0.444365
-1.14062 -0.449219

-1.15234 -0.419387
-1.15578 -0.410156

-1.16211 -0.39247
-1.16276 -0.390625

-1.15578 -0.410156
-1.15932 -0.400391

-1.16211 -0.392465
-1.15932 -0.400391

-1.14841 -0.429688
-1.15214 -0.419922

-1.15234 -0.419387
-1.15214 -0.419922

-1.13281 -0.467797
-1.13241 -0.46875

-1.16276 -0.390625
-1.1661 -0.380859

-1.1661 -0.380859
-1.16934 -0.371094

-1.17188 -0.363241
-1.16934 -0.371094

-1.05469 -0.617875
-1.05632 -0.615234

-1.05632 -0.615234
-1.06226 -0.605469

-1.06445 -0.601776
-1.06806 -0.595703

-1.06806 -0.595703
-1.07374 -0.585938

-1.06445 -0.601766
-1.06225 -0.605469

-1.08398 -0.567701
-1.0847 -0.566406

-1.07422 -0.585086
-1.07928 -0.576172

-1.08398 -0.567698
-1.07928 -0.576172

-1.0847 -0.566406
-1.09 -0.556641

-1.09375 -0.54956
-1.09 -0.556641

-1.07422 -0.585081
-1.07373 -0.585938

-1.05469 -0.617865
-1.05026 -0.625

-1.19141 -0.295041
-1.19194 -0.292969

-1.19194 -0.292969
-1.19435 -0.283203

-1.19435 -0.283203
-1.19668 -0.273438

-1.18684 -0.3125
-1.18943 -0.302734

-1.19141 -0.295039
-1.18943 -0.302734

-1.19668 -0.273438
-1.19891 -0.263672

-1.19891 -0.263672
-1.20106 -0.253906

-1.20117 -0.253399
-1.20313 -0.244141

-1.20313 -0.244141
-1.20511 -0.234375

-1.20117 -0.253401
-1.20107 -0.253906

-1.21094 -0.202642
-1.21217 -0.195312

-1.21217 -0.195312
-1.21373 -0.185547

-1.21373 -0.185547
-1.2152 -0.175781

-1.2152 -0.175781
-1.21659 -0.166016

-1.21659 -0.166016
-1.2179 -0.15625

-1.20511 -0.234375
-1.207 -0.224609

-1.207 -0.224609
-1.2088 -0.214844

-1.2088 -0.214844
-1.21053 -0.205078

-1.21094 -0.202639
-1.21053 -0.205078

-1.2179 -0.15625
-1.21913 -0.146484

-1.21913 -0.146484
-1.22028 -0.136719

-1.2207 -0.132839
-1.22135 -0.126953

-1.22135 -0.126953
-1.22233 -0.117188

-1.2207 -0.132839
-1.22028 -0.136719

-1.22233 -0.117188
-1.22324 -0.107422

-1.22324 -0.107422
-1.22406 -0.0976562

-1.22406 -0.0976562
-1.22481 -0.0878906

-1.22481 -0.0878906
-1.22547 -0.078125

-1.22547 -0.078125
-1.22606 -0.0683594

-1.22606 -0.0683594
-1.22657 -0.0585938

-1.22657 -0.0585938
-1.227 -0.0488281

-1.227 -0.0488281
-1.22735 -0.0390625

-1.22735 -0.0390625
-1.22762 -0.0292969

-1.22762 -0.0292969
-1.22782 -0.0195312

-1.22782 -0.0195312
-1.22794 -0.00976562

-1.22794 -0.00976562
-1.22797 0

-0.576172 -1.09648
-0.579593 -1.09375

-0.566406 -1.10439
-0.567491 -1.10352

-0.576172 -1.09645
-0.567468 -1.10352

-0.546875 -1.12037
-0.555508 -1.11328

-0.566406 -1.10438
-0.556641 -1.11235

-0.556641 -1.11234
-0.555484 -1.11328

-0.478516 -1.17863
-0.486234 -1.17188

-0.46875 -1.18724
-0.475151 -1.18164

-0.478516 -1.17862
-0.47506 -1.18164

-0.527344 -1.13664
-0.531971 -1.13281

-0.507812 -1.15321
-0.508833 -1.15234

-0.517578 -1.14491
-0.52035 -1.14258

-0.527344 -1.13659
-0.52024 -1.14258

-0.517578 -1.14486
-0.508815 -1.15234

-0.537109 -1.12845
-0.543662 -1.12305

-0.546875 -1.12037
-0.543596 -1.12305

-0.537109 -1.12844
-0.53178 -1.13281

-0.507812 -1.1532
-0.498047 -1.1616

-0.488281 -1.17007
-0.497461 -1.16211

-0.498047 -1.16159
-0.49745 -1.16211

-0.488281 -1.17003
-0.48616 -1.17188

-0.615234 -1.06516
-0.616129 -1.06445

-0.625 -1.05739
-0.616111 -1.06445

-0.615234 -1.06515
-0.605469 -1.07293

-0.595703 -1.08074
-0.60386 -1.07422

-0.585938 -1.08857
-0.591683 -1.08398

-0.595703 -1.08076
-0.591617 -1.08398

-0.605469 -1.07292
-0.603833 -1.07422

-0.585938 -1.08856
-0.579485 -1.09375

-0.439453 -1.21378
-0.442567 -1.21094

-0.429688 -1.22281
-0.431962 -1.2207

-0.439453 -1.21379
-0.431931 -1.2207

-0.458984 -1.19602
-0.464183 -1.19141

-0.449219 -1.20488
-0.453329 -1.20117

-0.458984 -1.19597
-0.453164 -1.20117

-0.46875 -1.18722
-0.464013 -1.19141

-0.449219 -1.20486
-0.442485 -1.21094

-0.419922 -1.23197
-0.421524 -1.23047

-0.410156 -1.2412
-0.411177 -1.24023

-0.419922 -1.23192
-0.411122 -1.24023

-0.429688 -1.2228
-0.421462 -1.23047

-0.410156 -1.24116
-0.400905 -1.25

-1.22797 0
-1.22793 0.00976562

-1.22793 0.00976562
-1.22782 0.0195312

-1.22782 0.0195312
-1.22762 0.0292969

-1.22762 0.0292969
-1.22735 0.0390625

-1.22735 0.0390625
-1.227 0.0488281

-1.227 0.0488281
-1.22657 0.0585938

-1.22657 0.0585938
-1.22606 0.0683594

-1.22606 0.0683594
-1.22548 0.078125

-1.22548 0.078125
-1.22481 0.0878906

-1.22481 0.0878906
-1.22407 0.0976562

-1.22407 0.0976562
-1.22325 0.107422

-1.22325 0.107422
-1.22236 0.117188

-1.22236 0.117188
-1.22138 0.126953

-1.22138 0.126953
-1.2207 0.133243

-1.2207 0.133244
-1.22033 0.136719

-1.22033 0.136719
-1.2192 0.146484

-1.2192 0.146484
-1.21798 0.15625

-1.21798 0.15625
-1.21669 0.166016

-1.21669 0.166016
-1.21533 0.175781

-1.21533 0.175781
-1.21388 0.185547

-1.21388 0.185547
-1.21235 0.195312

-1.21235 0.195312
-1.21094 0.203907

-1.21094 0.20391
-1.21075 0.205078

-1.21075 0.205078
-1.20906 0.214844

-1.20906 0.214844
-1.20729 0.224609

-1.20729 0.224609
-1.20544 0.234375

-1.20544 0.234375
-1.20351 0.244141

-1.20351 0.244141
-1.2015 0.253906

-1.2015 0.253906
-1.20117 0.255429

-1.20117 0.255429
-1.19941 0.263672

-1.19941 0.263672
-1.19723 0.273438

-1.19723 0.273438
-1.19498 0.283203

-1.19498 0.283203
-1.19264 0.292969

-1.19264 0.292969
-1.19141 0.297959

-1.19141 0.297965
-1.19023 0.302734

-1.19022 0.302734
-1.18772 0.3125

-1.18772 0.3125
-1.18513 0.322266

-1.18513 0.322266
-1.18246 0.332031

-1.18246 0.332031
-1.18164 0.334923

-1.18164 0.334931
-1.1797 0.341797

-1.1797 0.341797
-1.17685 0.351562

-1.17685 0.351562
-1.17392 0.361328

-1.17392 0.361328
-1.17188 0.367945

-1.17188 0.367959
-1.17091 0.371094

-1.1709 0.371094
-1.16779 0.380859

-1.16779 0.380859
-1.1646 0.390625

-1.1646 0.390625
-1.16211 0.39802

-1.16211 0.398028
-1.16131 0.400391

-1.16131 0.400391
-1.15794 0.410156

-1.15794 0.410156
-1.15447 0.419922

-1.15447 0.419922
-1.15234 0.425768

-1.15234 0.425783
-1.15092 0.429688

-1.15092 0.429688
-1.14727 0.439453

-1.14727 0.439453
-1.14353 0.449219

-1.14353 0.449219
-1.14258 0.451638

-1.14258 0.451649
-1.1397 0.458984

-1.1397 0.458984
-1.13577 0.46875

-1.13577 0.46875
-1.13281 0.47592

-1.13281 0.475934
-1.13175 0.478516

-1.13174 0.478516
-1.12762 0.488281

-1.12762 0.488281
-1.12341 0.498047

-1.12341 0.498047
-1.12305 0.498858

-1.12305 0.49886
-1.11909 0.507812

-1.11909 0.507812
-1.11467 0.517578

-1.11467 0.517578
-1.11328 0.520579

-1.11328 0.520593
-1.11016 0.527344

-1.11016 0.527344
-1.10554 0.537109

-1.10553 0.537109
-1.10352 0.541276

-1.10352 0.541294
-1.10082 0.546875

-1.10081 0.546875
-1.09598 0.556641

-1.09598 0.556641
-1.09375 0.561046

-1.09375 0.56107
-1.09105 0.566406

-1.09105 0.566406
-1.086 0.576172

-1.086 0.576172
-1.08398 0.579987

-1.08398 0.580007
-1.08086 0.585938

-1.08085 0.585938
-1.07559 0.595703

-1.07558 0.595703
-1.07422 0.598179

-1.07422 0.598194
-1.07021 0.605469

-1.07021 0.605469
-1.06472 0.615234

-1.06472 0.615234
-1.06445 0.615703

-1.06445 0.615699
-1.05911 0.625

-1.05911 0.625
-1.05469 0.632547

-1.05469 0.632564
-1.0534 0.634766

-1.05339 0.634766
-1.04755 0.644531

-1.04754 0.644531
-1.04492 0.648813

-1.04492 0.64884
-1.04159 0.654297

-1.04158 0.654297
-1.03549 0.664062

-1.03549 0.664062
-1.03516 0.664609

-1.03516 0.664593
-1.02928 0.673828

-1.02927 0.673828
-1.02539 0.67981

-1.02539 0.679843
-1.02296 0.683594

-1.02294 0.683594
-1.01647 0.693359

-1.01644 0.693359
-1.01562 0.694605

-1.01562 0.69458
-1.00991 0.703125

-1.00986 0.703125
-1.00586 0.708928

-1.00586 0.708956
-1.00315 0.712891

-1.00313 0.712891
-0.996259 0.722656

-0.996259 0.722656
-0.996094 0.722891

-0.996094 0.722887
-0.989245 0.732422

-0.989225 0.732422
-0.986328 0.736434

-0.986328 0.736404
-0.982091 0.742188

-0.982084 0.742188
-0.976562 0.749573

-0.976562 0.749599
-0.974822 0.751953

-0.97479 0.751953
-0.967341 0.761719

-0.967338 0.761719
-0.966797 0.762424

-0.966797 0.762418
-0.95974 0.771484

-0.959727 0.771484
-0.957031 0.77494

-0.957031 0.774885
-0.951983 0.78125

-0.95195 0.78125
-0.947266 0.787081

-0.947266 0.787087
-0.944117 0.791016

-0.944071 0.791016
-0.9375 0.798958

-0.9375 0.798979
-0.936006 0.800781

-0.935995 0.800781
-0.927749 0.810547

-0.927749 0.810547
-0.927734 0.810564

-0.927734 0.810565
-0.919332 0.820312

-0.919327 0.820312
-0.917969 0.821871

-0.917969 0.821861
-0.910739 0.830078

-0.910701 0.830078
-0.908203 0.832892

-0.908203 0.832897
-0.902001 0.839844

-0.90197 0.839844
-0.898438 0.843731

-0.898438 0.843713
-0.883914 0.859375

-0.883835 0.859375
-0.878906 0.864549

-0.878906 0.864511
-0.874443 0.869141

-0.87445 0.869141
-0.869141 0.874593

-0.869141 0.874583
-0.864885 0.878906

-0.864872 0.878906
-0.859375 0.884423

-0.859375 0.884475
-0.845128 0.898438

-0.845158 0.898438
-0.839844 0.903548

-0.839844 0.903551
-0.834934 0.908203

-0.834954 0.908203
-0.830078 0.912774

-0.830078 0.912802
-0.824487 0.917969

-0.824543 0.917969
-0.820312 0.921854

-0.820312 0.921886
-0.813803 0.927734

-0.813872 0.927734
-0.810547 0.930722

-0.810547 0.930732
-0.802928 0.9375

-0.802946 0.9375
-0.800781 0.939406

-0.800781 0.939414
-0.791769 0.947266

-0.791771 0.947266
-0.791016 0.947917

-0.791016 0.94792
-0.78125 0.956253

-0.78125 0.956249
-0.780318 0.957031

-0.780318 0.957031
-0.771484 0.964416

-0.771484 0.964406
-0.768556 0.966797

-0.768592 0.966797
-0.761719 0.972412

-0.761719 0.972438
-0.756524 0.976562

-0.756585 0.976562
-0.751953 0.980194

-0.751953 0.980245
-0.744217 0.986328

-0.744224 0.986328
-0.742188 0.987904

-0.742188 0.987922
-0.732422 0.995448

-0.732422 0.995444
-0.73156 0.996094

-0.731566 0.996094
-0.722656 1.00282

-0.722656 1.00283
-0.718516 1.00586

-0.718574 1.00586
-0.712891 1.01006

-0.712891 1.01005
-0.705218 1.01562

-0.705224 1.01562
-0.703125 1.01713

-0.703125 1.01714
-0.693359 1.02409

-0.693359 1.02409
-0.691462 1.02539

-0.691502 1.02539
-0.683594 1.03091

-0.683594 1.03091
-0.677375 1.03516

-0.677381 1.03516
-0.673828 1.03756

-0.673828 1.03758
-0.664062 1.04412

-0.664062 1.04415
-0.647858 1.05469

-0.647861 1.05469
-0.644531 1.05682

-0.644531 1.05681
-0.634766 1.06297

-0.634766 1.06297
-0.632358 1.06445

-0.632373 1.06445
-0.625 1.06901

-0.625 1.06901
-0.6164 1.07422

-0.616403 1.07422
-0.615234 1.07492

-0.615234 1.07492
-0.605469 1.08072

-0.605469 1.08072
-0.599858 1.08398

-0.599867 1.08398
-0.595703 1.08641

-0.595703 1.0864
-0.585938 1.09197

-0.585938 1.09197
-0.582723 1.09375

-0.582762 1.09375
-0.576172 1.09743

-0.576172 1.09743
-0.566406 1.10277

-0.566406 1.10277
-0.565018 1.10352

-0.56502 1.10352
-0.556641 1.10801

-0.556641 1.10801
-0.546875 1.11313

-0.546875 1.11313
-0.546589 1.11328

-0.546586 1.11328
-0.537109 1.11815

-0.537109 1.11815
-0.527376 1.12305

-0.527373 1.12305
-0.527344 1.12306

-0.527344 1.12306
-0.517578 1.12787

-0.517578 1.12787
-0.507812 1.13258

-0.507812 1.13258
-0.50732 1.13281

-0.507322 1.13281
-0.498047 1.13719

-0.498047 1.13719
-0.488281 1.1417

-0.488281 1.1417
-0.486331 1.14258

-0.486331 1.14258
-0.478516 1.14611

-0.478516 1.14611
-0.46875 1.15042

-0.46875 1.15042
-0.46429 1.15234

-0.464291 1.15234
-0.458984 1.15463

-0.458984 1.15463
-0.449219 1.15875

-0.449219 1.15875
-0.441081 1.16211

-0.441078 1.16211
-0.439453 1.16278

-0.439453 1.16278
-0.429688 1.16672

-0.429688 1.16674
-0.416478 1.17188

-0.416513 1.17188
-0.410156 1.17432

-0.410156 1.17431
-0.400391 1.17797

-0.400391 1.17797
-0.390625 1.18155

-0.390625 1.18155
-0.390366 1.18164

-0.390361 1.18164
-0.380859 1.18503

-0.380859 1.18503
-0.371094 1.18843

-0.371094 1.18843
-0.362294 1.19141

-0.362289 1.19141
-0.361328 1.19173

-0.361328 1.19173
-0.351562 1.19495

-0.351562 1.19495
-0.341797 1.19809

-0.341797 1.19809
-0.332031 1.20114

-0.332031 1.20114
-0.331923 1.20117

-0.331919 1.20117
-0.322266 1.2041

-0.322266 1.2041
-0.3125 1.20699

-0.3125 1.20699
-0.302734 1.20979

-0.302734 1.20979
-0.298612 1.21094

-0.2986 1.21094
-0.292969 1.21251

-0.292969 1.21251
-0.283203 1.21514

-0.283203 1.21514
-0.273438 1.2177

-0.273438 1.2177
-0.263672 1.22018

-0.263672 1.22018
-0.261527 1.2207

-0.261517 1.2207
-0.253906 1.22257

-0.253906 1.22257
-0.244141 1.22489

-0.244141 1.22489
-0.234375 1.22712

-0.234375 1.22712
-0.224609 1.22928

-0.224609 1.22928
-0.219041 1.23047

-0.219035 1.23047
-0.214844 1.23136

-0.214844 1.23136
-0.205078 1.23337

-0.205078 1.23337
-0.195312 1.2353

-0.195312 1.2353
-0.185547 1.23716

-0.185547 1.23716
-0.175781 1.23894

-0.175781 1.23894
-0.168406 1.24023

-0.168401 1.24023
-0.166016 1.24065

-0.166016 1.24065
-0.15625 1.24229

-0.15625 1.24229
-0.146484 1.24386

-0.146484 1.24386
-0.136719 1.24535

-0.136719 1.24535
-0.126953 1.24677

-0.126953 1.24677
-0.117188 1.24811

-0.117188 1.24811
-0.107422 1.24938

-0.107422 1.24938
-0.102383 1.25

-0.102357 1.25
-0.0976562 1.25058

-0.0976562 1.25058
-0.0878906 1.2517

-0.0878906 1.2517
-0.078125 1.25274

-0.078125 1.25274
-0.0683594 1.25372

-0.0683594 1.25371
-0.0585938 1.25461

-0.0585938 1.25461
-0.0488281 1.25543

-0.0488281 1.25543
-0.0390625 1.25618

-0.0390625 1.25618
-0.0292969 1.25685

-0.0292969 1.25685
-0.0195312 1.25745

-0.0195312 1.25745
-0.00976562 1.25798

-0.00976562 1.25798
0 1.25843

0.410156 -1.87644
0.405932 -1.875

0.410156 -1.87645
0.419922 -1.87968

0.419922 -1.87968
0.429688 -1.88281

0.439453 -1.88584
0.435991 -1.88477

0.429688 -1.88281
0.435989 -1.88477

0.439453 -1.88584
0.449219 -1.88877

0.449219 -1.88876
0.458984 -1.89159

0.458984 -1.89159
0.46875 -1.89431

0.478516 -1.89694
0.469557 -1.89453

0.478516 -1.89694
0.488281 -1.89946

0.46875 -1.89431
0.469572 -1.89453

0.488281 -1.89946
0.498047 -1.90189

0.498047 -1.90189
0.507812 -1.90421

0.517578 -1.90643
0.508194 -1.9043

0.507812 -1.90424
0.508079 -1.9043

0.517578 -1.90643
0.527344 -1.90856

0.527344 -1.90856
0.537109 -1.91058

0.537109 -1.91058
0.546875 -1.91251

0.556641 -1.91433
0.555205 -1.91406

0.556641 -1.91433
0.566406 -1.91606

0.566406 -1.91606
0.576172 -1.9177

0.576172 -1.9177
0.585938 -1.91923

0.546875 -1.91253
0.555298 -1.91406

0.585938 -1.91923
0.595703 -1.92067

0.595703 -1.92067
0.605469 -1.92201

0.605469 -1.92201
0.615234 -1.92325

0.625 -1.92439
0.620236 -1.92383

0.615234 -1.92326
0.620034 -1.92383

0.117188 -1.72934
0.101856 -1.71875

0.136719 -1.74227
0.130666 -1.73828

0.117188 -1.7293
0.126953 -1.73586

0.126953 -1.73589
0.130588 -1.73828

0.146484 -1.74859
0.145617 -1.74805

0.136719 -1.74229
0.145624 -1.74805

0.146484 -1.7486
0.15625 -1.7548

0 -1.64126
0.00976562 -1.64923

0.0195312 -1.65711
0.0111861 -1.65039

0.00976562 -1.64915
0.011322 -1.65039

0.0292969 -1.66493
0.0232418 -1.66016

0.0390625 -1.67252
0.0356689 -1.66992

0.0292969 -1.6648
0.0358494 -1.66992

0.0195312 -1.65695
0.0236213 -1.66016

0.0488281 -1.68001
0.0484092 -1.67969

0.0488281 -1.67999
0.0585938 -1.68739

0.078125 -1.70187
0.0744289 -1.69922

0.0683594 -1.69469
0.0613319 -1.68945

0.0585938 -1.68736
0.0614464 -1.68945

0.0683594 -1.69464
0.0746027 -1.69922

0.0390625 -1.67247
0.0484365 -1.67969

0.078125 -1.70184
0.0878906 -1.70888

0.0976562 -1.71581
0.0880317 -1.70898

0.0878906 -1.70887
0.0880469 -1.70898

0.0976562 -1.71582
0.101873 -1.71875

0.234375 -1.80024
0.228214 -1.79688

0.166016 -1.76095
0.160966 -1.75781

0.166016 -1.76087
0.175781 -1.76683

0.195312 -1.77842
0.193461 -1.77734

0.185547 -1.77269
0.177004 -1.76758

0.175781 -1.76674
0.177202 -1.76758

0.185547 -1.77267
0.193514 -1.77734

0.15625 -1.75473
0.161263 -1.75781

0.195312 -1.7784
0.205078 -1.78402

0.214844 -1.78952
0.210561 -1.78711

0.205078 -1.78402
0.21057 -1.78711

0.214844 -1.78952
0.224609 -1.79491

0.224609 -1.79484
0.228385 -1.79688

0.234375 -1.80018
0.244141 -1.80534

0.253906 -1.81045
0.246548 -1.80664

0.244141 -1.80519
0.246953 -1.80664

0.273438 -1.8202
0.265767 -1.81641

0.253906 -1.81039
0.263672 -1.81533

0.263672 -1.81519
0.266129 -1.81641

0.3125 -1.83841
0.307066 -1.83594

0.273438 -1.82016
0.283203 -1.82488

0.292969 -1.82945
0.286021 -1.82617

0.283203 -1.82497
0.285748 -1.82617

0.292969 -1.82949
0.302734 -1.83399

0.302734 -1.83396
0.307122 -1.83594

0.3125 -1.83838
0.322266 -1.84266

0.332031 -1.84685
0.329339 -1.8457

0.322266 -1.84266
0.329388 -1.8457

0.332031 -1.84684
0.341797 -1.85091

0.341797 -1.85091
0.351562 -1.85487

0.361328 -1.85874
0.35304 -1.85547

0.361328 -1.85873
0.371094 -1.86249

0.351562 -1.85481
0.353227 -1.85547

0.380859 -1.86603
0.378733 -1.86523

0.371094 -1.86252
0.378362 -1.86523

0.380859 -1.86613
0.390625 -1.86968

0.390625 -1.86968
0.400391 -1.87312

0.400391 -1.87312
0.40589 -1.875

0.625 -1.9244
0.634766 -1.92545

0.634766 -1.92545
0.644531 -1.9264

0.644531 -1.9264
0.654297 -1.92726

0.654297 -1.92726
0.664062 -1.92802

0.664062 -1.92802
0.673828 -1.92868

0.673828 -1.92868
0.683594 -1.92925

0.683594 -1.92925
0.693359 -1.92972

0.693359 -1.92972
0.703125 -1.93009

0.703125 -1.93009
0.712891 -1.93037

0.712891 -1.93037
0.722656 -1.93055

0.722656 -1.93055
0.732422 -1.93063

0.732422 -1.93063
0.742188 -1.93061

0.742188 -1.93061
0.751953 -1.9305

0.751953 -1.9305
0.761719 -1.93028

0.761719 -1.93028
0.771484 -1.92997

0.771484 -1.92997
0.78125 -1.92956

0.78125 -1.92956
0.791016 -1.92906

0.791016 -1.92906
0.800781 -1.92845

0.800781 -1.92845
0.810547 -1.92774

0.810547 -1.92774
0.820312 -1.92694

0.820312 -1.92694
0.830078 -1.92603

0.830078 -1.92603
0.839844 -1.92503

0.839844 -1.92503
0.849609 -1.92392

0.849609 -1.92392
0.850359 -1.92383

0.850374 -1.92383
0.859375 -1.92272

0.859375 -1.92272
0.869141 -1.92141

0.869141 -1.92141
0.878906 -1.92

0.878906 -1.92
0.888672 -1.91849

0.888672 -1.91849
0.898438 -1.91687

0.898438 -1.9169
0.914085 -1.91406

0.914171 -1.91406
0.917969 -1.91336

0.917969 -1.91334
0.927734 -1.91141

0.927734 -1.91141
0.9375 -1.90938

0.9375 -1.90938
0.947266 -1.90724

0.947266 -1.90724
0.957031 -1.905

0.957031 -1.90498
0.959883 -1.9043

0.959983 -1.9043
0.966797 -1.90266

0.966797 -1.90265
0.976562 -1.90019

0.976562 -1.90019
0.986328 -1.89762

0.986328 -1.89762
0.996094 -1.89494

0.996094 -1.89494
0.99752 -1.89453

0.997532 -1.89453
1.00586 -1.89215

1.00586 -1.89215
1.01562 -1.88925

1.01562 -1.88925
1.02539 -1.88624

1.02539 -1.88623
1.02998 -1.88477

1.03002 -1.88477
1.03516 -1.88312

1.03516 -1.88312
1.04492 -1.87988

1.04492 -1.87988
1.05469 -1.87652

1.05469 -1.87652
1.05889 -1.875

1.05899 -1.875
1.06445 -1.87306

1.06445 -1.87305
1.07422 -1.86946

1.07422 -1.86946
1.08398 -1.86574

1.08398 -1.86574
1.08526 -1.86523

1.08529 -1.86523
1.09375 -1.86191

1.09375 -1.86191
1.10352 -1.85796

1.10352 -1.85795
1.10947 -1.85547

1.1095 -1.85547
1.11328 -1.85389

1.11328 -1.85388
1.12305 -1.84968

1.12305 -1.84968
1.13201 -1.8457

1.13203 -1.8457
1.13281 -1.84536

1.13281 -1.84535
1.14258 -1.84089

1.14258 -1.84089
1.15234 -1.8363

1.15234 -1.83632
1.15313 -1.83594

1.15315 -1.83594
1.17188 -1.82675

1.17188 -1.82671
1.17292 -1.82617

1.17294 -1.82617
1.18164 -1.82172

1.18164 -1.82172
1.19141 -1.81659

1.19141 -1.81659
1.19175 -1.81641

1.19175 -1.81641
1.20117 -1.81132

1.20117 -1.81131
1.2096 -1.80664

1.20969 -1.80664
1.21094 -1.80595

1.21094 -1.80594
1.22665 -1.79688

1.22668 -1.79688
1.23047 -1.79466

1.23047 -1.79464
1.24023 -1.78878

1.24023 -1.78876
1.24292 -1.78711

1.24295 -1.78711
1.25 -1.78277

1.25 -1.78276
1.25858 -1.77734

1.25859 -1.77734
1.25977 -1.77662

1.25977 -1.77659
1.26953 -1.77027

1.26953 -1.77024
1.27355 -1.76758

1.2736 -1.76758
1.2793 -1.76379

1.2793 -1.76377
1.28804 -1.75781

1.28805 -1.75781
1.28906 -1.75714

1.28906 -1.75712
1.29883 -1.75029

1.29883 -1.75025
1.30198 -1.74805

1.30196 -1.74805
1.30859 -1.74329

1.30859 -1.74327
1.31537 -1.73828

1.31543 -1.73828
1.31836 -1.73616

1.31836 -1.7361
1.32812 -1.72874

1.32812 -1.72878
1.34097 -1.71875

1.34098 -1.71875
1.34766 -1.71346

1.34766 -1.7134
1.35316 -1.70898

1.35315 -1.70898
1.35742 -1.70555

1.35742 -1.7055
1.36496 -1.69922

1.36499 -1.69922
1.36719 -1.69738

1.36719 -1.69737
1.37645 -1.68945

1.37646 -1.68945
1.37695 -1.68903

1.37695 -1.68902
1.38672 -1.68046

1.38672 -1.68045
1.38758 -1.67969

1.38758 -1.67969
1.39648 -1.67168

1.39648 -1.67166
1.39839 -1.66992

1.39839 -1.66992
1.40625 -1.66268

1.40625 -1.66264
1.4089 -1.66016

1.4089 -1.66016
1.41602 -1.65346

1.41602 -1.65341
1.41915 -1.65039

1.41915 -1.65039
1.42578 -1.64395

1.42578 -1.64394
1.42914 -1.64062

1.42913 -1.64062
1.43555 -1.6342

1.43555 -1.63422
1.43886 -1.63086

1.43885 -1.63086
1.44531 -1.62419

1.44531 -1.62424
1.44833 -1.62109

1.44834 -1.62109
1.45508 -1.61391

1.45508 -1.61398
1.45756 -1.61133

1.45755 -1.61133
1.46484 -1.6034

1.46484 -1.60344
1.46655 -1.60156

1.46655 -1.60156
1.47461 -1.5926

1.47461 -1.59262
1.47534 -1.5918

1.47533 -1.5918
1.4839 -1.58203

1.48393 -1.58203
1.48438 -1.58151

1.48438 -1.58153
1.50047 -1.5625

1.5006 -1.5625
1.50391 -1.55837

1.50391 -1.55808
1.5082 -1.55273

1.50832 -1.55273
1.51367 -1.54602

1.51367 -1.54622
1.51623 -1.54297

1.51615 -1.54297
1.52344 -1.53361

1.52344 -1.53362
1.53119 -1.52344

1.53118 -1.52344
1.5332 -1.52068

1.5332 -1.52074
1.53846 -1.51367

1.53845 -1.51367
1.54297 -1.50746

1.54297 -1.50748
1.54551 -1.50391

1.54555 -1.50391
1.55249 -1.49414

1.55249 -1.49414
1.55273 -1.49378

1.55273 -1.49379
1.55928 -1.48438

1.55928 -1.48438
1.5625 -1.47952

1.5625 -1.47969
1.56595 -1.47461

1.56592 -1.47461
1.57227 -1.46506

1.57227 -1.46506
1.57241 -1.46484

1.57241 -1.46484
1.57876 -1.45508

1.57875 -1.45508
1.58203 -1.44992

1.58203 -1.44995
1.58498 -1.44531

1.58497 -1.44531
1.59104 -1.43555

1.59103 -1.43555
1.5918 -1.43427

1.5918 -1.43431
1.59699 -1.42578

1.59699 -1.42578
1.60156 -1.4181

1.60156 -1.41806
1.60852 -1.40625

1.60846 -1.40625
1.61133 -1.40122

1.61133 -1.40128
1.61406 -1.39648

1.61404 -1.39648
1.61947 -1.38672

1.61946 -1.38672
1.62109 -1.38372

1.62109 -1.38375
1.62479 -1.37695

1.62479 -1.37695
1.62998 -1.36719

1.62997 -1.36719
1.63086 -1.36547

1.63086 -1.36551
1.63507 -1.35742

1.63507 -1.35742
1.64004 -1.34766

1.64003 -1.34766
1.64062 -1.34646

1.64062 -1.34648
1.6449 -1.33789

1.6449 -1.33789
1.64965 -1.32812

1.64963 -1.32812
1.65039 -1.32653

1.65039 -1.32657
1.6543 -1.31836

1.65429 -1.31836
1.65883 -1.30859

1.65882 -1.30859
1.66016 -1.30566

1.66016 -1.30569
1.66328 -1.29883

1.66327 -1.29883
1.66761 -1.28906

1.66759 -1.28906
1.66992 -1.2837

1.66992 -1.28376
1.67186 -1.2793

1.67184 -1.2793
1.67598 -1.26953

1.67598 -1.26953
1.67969 -1.26058

1.67969 -1.26059
1.68003 -1.25977

1.68002 -1.25977
1.68397 -1.25

1.68397 -1.25
1.68782 -1.24023

1.68781 -1.24023
1.68945 -1.23596

1.68945 -1.23603
1.6916 -1.23047

1.69158 -1.23047
1.69525 -1.2207

1.69525 -1.2207
1.69883 -1.21094

1.69883 -1.21094
1.69922 -1.20986

1.69922 -1.20986
1.70233 -1.20117

1.70233 -1.20117
1.70573 -1.19141

1.70573 -1.19141
1.70898 -1.18183

1.70898 -1.18184
1.70905 -1.18164

1.70905 -1.18164
1.71228 -1.17188

1.71228 -1.17188
1.71543 -1.16211

1.71543 -1.16211
1.7185 -1.15234

1.7185 -1.15234
1.71875 -1.15151

1.71875 -1.15153
1.72149 -1.14258

1.72149 -1.14258
1.72439 -1.13281

1.72439 -1.13281
1.72722 -1.12305

1.72721 -1.12305
1.72852 -1.1184

1.72852 -1.11849
1.72998 -1.11328

1.72997 -1.11328
1.73264 -1.10352

1.73264 -1.10352
1.73523 -1.09375

1.73523 -1.09375
1.73775 -1.08398

1.73775 -1.08398
1.73828 -1.08184

1.73828 -1.08185
1.74019 -1.07422

1.74019 -1.07422
1.74255 -1.06445

1.74255 -1.06445
1.74485 -1.05469

1.74485 -1.05469
1.74707 -1.04492

1.74704 -1.04492
1.74805 -1.04036

1.74805 -1.04055
1.74923 -1.03516

1.74921 -1.03516
1.75129 -1.02539

1.75129 -1.02539
1.7533 -1.01562

1.7533 -1.01562
1.75524 -1.00586

1.75524 -1.00586
1.75711 -0.996094

1.75711 -0.996094
1.75781 -0.992284

1.75781 -0.992314
1.76066 -0.976562

1.76064 -0.976562
1.76229 -0.966797

1.76229 -0.966797
1.76388 -0.957031

1.76388 -0.957031
1.7654 -0.947266

1.7654 -0.947266
1.76686 -0.9375

1.76685 -0.9375
1.76758 -0.932407

1.76758 -0.932505
1.76826 -0.927734

1.76825 -0.927734
1.76957 -0.917969

1.76957 -0.917969
1.77083 -0.908203

1.77083 -0.908203
1.77203 -0.898438

1.77203 -0.898438
1.77316 -0.888672

1.77316 -0.888672
1.77422 -0.878906

1.77422 -0.878906
1.77522 -0.869141

1.77522 -0.869141
1.77616 -0.859375

1.77616 -0.859375
1.77704 -0.849609

1.77704 -0.849609
1.77734 -0.845938

1.77734 -0.845929
1.77785 -0.839844

1.77785 -0.839844
1.7786 -0.830078

1.7786 -0.830078
1.77929 -0.820312

1.77929 -0.820312
1.77991 -0.810547

1.77991 -0.810547
1.78048 -0.800781

1.78048 -0.800781
1.78099 -0.791016

1.78099 -0.791016
1.78143 -0.78125

1.78143 -0.78125
1.78182 -0.771484

1.78182 -0.771484
1.78216 -0.761719

1.78216 -0.761719
1.78243 -0.751953

1.78243 -0.751953
1.78265 -0.742188

1.78265 -0.742188
1.78281 -0.732422

1.78281 -0.732422
1.78292 -0.722656

1.78292 -0.722656
1.78297 -0.712891

1.78297 -0.712891
1.78296 -0.703125

1.78296 -0.703125
1.78291 -0.693359

1.78291 -0.693359
1.78279 -0.683594

1.78279 -0.683594
1.78263 -0.673828

1.78263 -0.673828
1.78241 -0.664062

1.78241 -0.664062
1.78213 -0.654297

1.78213 -0.654297
1.78181 -0.644531

1.78181 -0.644531
1.78143 -0.634766

1.78143 -0.634766
1.781 -0.625

1.781 -0.625
1.78052 -0.615234

1.78052 -0.615234
1.77999 -0.605469

1.77999 -0.605469
1.77942 -0.595703

1.77942 -0.595703
1.77879 -0.585938

1.77734 -0.565949
1.7766 -0.556641

1.7766 -0.556641
1.77576 -0.546875

1.77879 -0.585938
1.77811 -0.576172

1.77811 -0.576172
1.77738 -0.566406

1.77734 -0.566153
1.77736 -0.566406

1.77576 -0.546875
1.77487 -0.537109

1.77487 -0.537109
1.77393 -0.527344

1.77393 -0.527344
1.77293 -0.517578

1.77293 -0.517578
1.77189 -0.507812

1.77189 -0.507812
1.77079 -0.498047

1.77079 -0.498047
1.76963 -0.488281

1.76758 -0.471569
1.76722 -0.46875

1.76963 -0.488281
1.76843 -0.478516

1.76758 -0.47206
1.76841 -0.478516

1.75781 -0.405712
1.75527 -0.390625

1.76717 -0.46875
1.76586 -0.458984

1.76586 -0.458984
1.7645 -0.449219

1.7645 -0.449219
1.76309 -0.439453

1.76309 -0.439453
1.76162 -0.429688

1.76162 -0.429688
1.76011 -0.419922

1.76011 -0.419922
1.75854 -0.410156

1.75781 -0.405738
1.75854 -0.410156

1.75525 -0.390625
1.75353 -0.380859

1.75353 -0.380859
1.75175 -0.371094

1.75175 -0.371094
1.74992 -0.361328

1.74992 -0.361328
1.74805 -0.351562

1.74805 -0.351557
1.74613 -0.341797

1.74612 -0.341797
1.74415 -0.332031

1.74415 -0.332031
1.74213 -0.322266

1.74213 -0.322266
1.74007 -0.3125

1.71875 -0.222825
1.71667 -0.214844

1.71666 -0.214844
1.71407 -0.205078

1.71407 -0.205078
1.71142 -0.195312

1.70898 -0.186444
1.70874 -0.185547

1.70873 -0.185547
1.70599 -0.175781

1.70898 -0.186467
1.71142 -0.195312

1.70599 -0.175781
1.70321 -0.166016

1.70321 -0.166016
1.70037 -0.15625

1.67969 -0.0896096
1.67591 -0.078125

1.69922 -0.152268
1.69751 -0.146484

1.69749 -0.146484
1.69456 -0.136719

1.68945 -0.119996
1.68858 -0.117188

1.69456 -0.136719
1.69157 -0.126953

1.68945 -0.120193
1.69155 -0.126953

1.69922 -0.152455
1.70034 -0.15625

1.68854 -0.117188
1.68545 -0.107422

1.68545 -0.107422
1.68232 -0.0976562

1.67969 -0.0895911
1.68232 -0.0976562

1.66992 -0.0605034
1.66927 -0.0585938

1.67589 -0.078125
1.6726 -0.0683594

1.66992 -0.060562
1.67259 -0.0683594

1.66925 -0.0585938
1.66586 -0.0488281

1.66586 -0.0488281
1.66241 -0.0390625

1.66016 -0.0326627
1.65895 -0.0292969

1.65892 -0.0292969
1.65537 -0.0195312

1.65039 -0.00600227
1.64815 0

1.65537 -0.0195312
1.65177 -0.00976562

1.65039 -0.0061712
1.65173 -0.00976562

1.66016 -0.0328069
1.66239 -0.0390625

1.73828 -0.304147
1.73797 -0.302734

1.73795 -0.302734
1.73578 -0.292969

1.73578 -0.292969
1.73356 -0.283203

1.73356 -0.283203
1.73129 -0.273438

1.73828 -0.304293
1.74006 -0.3125

1.72852 -0.261763
1.72661 -0.253906

1.73129 -0.273438
1.72897 -0.263672

1.72852 -0.261934
1.72894 -0.263672

1.7266 -0.253906
1.72418 -0.244141

1.72418 -0.244141
1.72172 -0.234375

1.71875 -0.22289
1.72172 -0.234375

0.234375 1.24776
0.216217 1.25

0.234375 1.24774
0.244141 1.24644

0.244141 1.24644
0.253906 1.24506

0.253906 1.24506
0.263672 1.24363

0.263672 1.24363
0.273438 1.24213

0.273438 1.24213
0.283203 1.24056

0.292969 1.23892
0.28513 1.24023

0.283203 1.24056
0.285138 1.24023

0.292969 1.23892
0.302734 1.23722

0.302734 1.23722
0.3125 1.23545

0.3125 1.23545
0.322266 1.23361

0.322266 1.23361
0.332031 1.23171

0.341797 1.22973
0.338146 1.23047

0.341797 1.22973
0.351562 1.22767

0.332031 1.23171
0.338133 1.23047

0.351562 1.22767
0.361328 1.22554

0.361328 1.22554
0.371094 1.22334

0.371094 1.22334
0.380859 1.22107

0.390625 1.21873
0.382395 1.2207

0.380859 1.22107
0.382393 1.2207

0.429688 1.20865
0.421069 1.21094

0.390625 1.21873
0.400391 1.21631

0.400391 1.21631
0.410156 1.21382

0.410156 1.21382
0.419922 1.21126

0.419922 1.21125
0.421067 1.21094

0.429688 1.20863
0.439453 1.20592

0.439453 1.20592
0.449219 1.20315

0.458984 1.2003
0.455982 1.20117

0.449219 1.20315
0.455983 1.20117

0.458984 1.2003
0.46875 1.19737

0.546875 1.17125
0.54513 1.17188

0.488281 1.19129
0.48792 1.19141

0.46875 1.19737
0.478516 1.19437

0.478516 1.19437
0.487922 1.19141

0.488281 1.19129
0.498047 1.18814

0.498047 1.18814
0.507812 1.18491

0.517578 1.1816
0.517466 1.18164

0.507812 1.18491
0.517469 1.18164

0.517578 1.1816
0.527344 1.17822

0.527344 1.17822
0.537109 1.17477

0.537109 1.17477
0.545128 1.17188

0.546875 1.17124
0.556641 1.16764

0.556641 1.16764
0.566406 1.16396

0.576172 1.16021
0.571229 1.16211

0.566406 1.16396
0.571219 1.16211

0.576172 1.16021
0.585938 1.15637

0.605469 1.14847
0.595999 1.15234

0.585938 1.15638
0.595703 1.15246

0.595703 1.15246
0.595999 1.15234

0.605469 1.14847
0.615234 1.1444

0.625 1.14026
0.61955 1.14258

0.615234 1.1444
0.619512 1.14258

0.742188 1.08411
0.723736 1.09375

0.761719 1.07355
0.760492 1.07422

0.751953 1.07886
0.742392 1.08398

0.742188 1.08409
0.742394 1.08398

0.751953 1.07886
0.760478 1.07422

0.761719 1.07354
0.771484 1.06813

0.78125 1.06265
0.778044 1.06445

0.771484 1.06812
0.778003 1.06445

0.644531 1.13171
0.642041 1.13281

0.644531 1.1317
0.654297 1.12731

0.664062 1.12283
0.663599 1.12305

0.654297 1.12731
0.663601 1.12305

0.625 1.14028
0.642057 1.13281

0.664062 1.12284
0.673828 1.11828

0.673828 1.11828
0.683594 1.11365

0.693359 1.10894
0.684369 1.11328

0.693359 1.10894
0.703125 1.10414

0.683594 1.11365
0.684364 1.11328

0.712891 1.09926
0.704385 1.10352

0.703125 1.10414
0.704375 1.10352

0.712891 1.09926
0.722656 1.09429

0.722656 1.09431
0.723731 1.09375

0.859375 1.01541
0.859029 1.01562

0.800781 1.05139
0.795101 1.05469

0.800781 1.05137
0.810547 1.04561

0.820312 1.03975
0.81169 1.04492

0.810547 1.0456
0.811697 1.04492

0.78125 1.06265
0.795062 1.05469

0.830078 1.03382
0.827882 1.03516

0.830078 1.0338
0.839844 1.02776

0.820312 1.03975
0.827851 1.03516

0.849609 1.02164
0.843633 1.02539

0.839844 1.02775
0.843604 1.02539

0.849609 1.02163
0.859026 1.01562

0.859375 1.0154
0.869141 1.00908

0.878906 1.00267
0.874056 1.00586

0.869141 1.00908
0.874046 1.00586

0.898438 0.989555
0.888774 0.996094

0.878906 1.00267
0.888672 0.996163

0.888672 0.996162
0.888775 0.996094

0.917969 0.976048
0.917223 0.976562

0.917969 0.976032
0.927734 0.969112

0.9375 0.962085
0.930949 0.966797

0.927734 0.969094
0.930995 0.966797

0.908203 0.982864
0.90316 0.986328

0.898438 0.989536
0.903114 0.986328

0.908203 0.982846
0.917208 0.976562

0.976562 0.932981
0.970541 0.9375

0.996094 0.917672
0.995718 0.917969

0.986328 0.925414
0.983301 0.927734

0.976562 0.932902
0.983231 0.927734

0.986328 0.925355
0.995712 0.917969

0.996094 0.917667
1.00586 0.909866

1.01562 0.901954
1.00791 0.908203

1.00586 0.909857
1.00792 0.908203

1.07422 0.852142
1.066 0.859375

1.09375 0.834634
1.08794 0.839844

1.08398 0.84345
1.07704 0.849609

1.07422 0.852112
1.07704 0.849609

1.08398 0.843374
1.08792 0.839844

1.02539 0.893973
1.01989 0.898438

1.03516 0.885827
1.03172 0.888672

1.02539 0.89391
1.03172 0.888672

1.04492 0.877577
1.04335 0.878906

1.04492 0.877564
1.05469 0.869206

1.03516 0.885802
1.04333 0.878906

1.01562 0.901924
1.01991 0.898438

1.06445 0.860732
1.05476 0.869141

1.05469 0.869206
1.05476 0.869141

1.06445 0.860717
1.06599 0.859375

1.15234 0.778792
1.14987 0.78125

1.17188 0.759098
1.16931 0.761719

1.16211 0.769008
1.15965 0.771484

1.15234 0.778764
1.15962 0.771484

1.16211 0.768991
1.16926 0.761719

1.23047 0.696353
1.22444 0.703125

1.25 0.674256
1.24183 0.683594

1.24023 0.685394
1.23318 0.693359

1.23047 0.696367
1.23315 0.693359

1.24023 0.685382
1.24181 0.683594

1.19141 0.738804
1.1882 0.742188

1.21094 0.717887
1.20656 0.722656

1.20117 0.728414
1.19743 0.732422

1.19141 0.738772
1.19736 0.732422

1.20117 0.728405
1.20649 0.722656

1.18164 0.74902
1.17881 0.751953

1.17188 0.759066
1.17875 0.751953

1.18164 0.748997
1.18812 0.742188

1.2207 0.707181
1.21555 0.712891

1.21094 0.717873
1.21548 0.712891

1.2207 0.707209
1.22439 0.703125

1.11328 0.816536
1.10923 0.820312

1.13281 0.797931
1.12985 0.800781

1.12305 0.807283
1.1196 0.810547

1.11328 0.816491
1.11963 0.810547

1.12305 0.807255
1.12986 0.800781

1.10352 0.825637
1.09866 0.830078

1.09375 0.83455
1.09867 0.830078

1.10352 0.825577
1.10923 0.820312

1.14258 0.788421
1.13992 0.791016

1.13281 0.797898
1.13993 0.791016

1.14258 0.788398
1.14985 0.78125

0.947266 0.955025
0.944464 0.957031

0.947266 0.954961
0.957031 0.947723

0.9375 0.962071
0.944404 0.957031

0.966797 0.940376
0.957638 0.947266

0.957031 0.947719
0.957641 0.947266

0.966797 0.940315
0.970569 0.9375

0 1.25843
0.00976562 1.25881

0.00976562 1.25881
0.0195312 1.25911

0.0195312 1.25911
0.0292969 1.25934

0.0292969 1.25934
0.0390625 1.2595

0.0390625 1.2595
0.0488281 1.25959

0.0488281 1.25959
0.0585938 1.2596

0.0585938 1.2596
0.0683594 1.25955

0.0683594 1.25955
0.078125 1.25942

0.078125 1.25942
0.0878906 1.25921

0.0878906 1.25921
0.0976562 1.25894

0.0976562 1.25894
0.107422 1.25859

0.107422 1.25859
0.117188 1.25818

0.117188 1.25818
0.126953 1.25769

0.126953 1.25769
0.136719 1.25713

0.136719 1.25713
0.146484 1.2565

0.146484 1.2565
0.15625 1.2558

0.15625 1.2558
0.166016 1.25503

0.166016 1.25503
0.175781 1.25419

0.175781 1.25419
0.185547 1.25328

0.185547 1.25328
0.195312 1.25231

0.195312 1.25231
0.205078 1.25126

0.205078 1.25126
0.214844 1.25016

0.214844 1.25017
0.216236 1.25

1.5625 0.198875
1.55947 0.205078

1.55945 0.205078
1.55463 0.214844

1.55273 0.218661
1.54976 0.224609

1.54974 0.224609
1.5448 0.234375

1.55273 0.218563
1.5546 0.214844

1.50391 0.311009
1.50308 0.3125

1.52344 0.275263
1.51917 0.283203

1.51916 0.283203
1.51385 0.292969

1.51367 0.293302
1.50848 0.302734

1.50391 0.310957
1.50848 0.302734

1.51367 0.293294
1.51385 0.292969

1.54297 0.237979
1.53981 0.244141

1.53979 0.244141
1.53473 0.253906

1.5332 0.256841
1.52962 0.263672

1.5296 0.263672
1.52441 0.273438

1.5332 0.256731
1.53469 0.253906

1.54297 0.23787
1.54476 0.234375

1.52344 0.275196
1.52439 0.273438

1.32812 0.57873
1.32268 0.585938

1.30859 0.603835
1.30731 0.605469

1.29883 0.616014
1.29153 0.625

1.30728 0.605469
1.29946 0.615234

1.29883 0.615996
1.29944 0.615234

1.31836 0.591358
1.31503 0.595703

1.30859 0.603801
1.31499 0.595703

1.31836 0.591414
1.3226 0.585938

1.36719 0.526274
1.36643 0.527344

1.35742 0.539744
1.35219 0.546875

1.36642 0.527344
1.35934 0.537109

1.35742 0.539686
1.35927 0.537109

1.38672 0.498655
1.38031 0.507812

1.39648 0.484505
1.39391 0.488281

1.40625 0.470124
1.40058 0.478516

1.39648 0.484482
1.40056 0.478516

1.3939 0.488281
1.38714 0.498047

1.38672 0.498646
1.38713 0.498047

1.37695 0.512587
1.37343 0.517578

1.36719 0.526263
1.37341 0.517578

1.37695 0.512542
1.38029 0.507812

1.33789 0.565996
1.33758 0.566406

1.34766 0.552922
1.34494 0.556641

1.33789 0.56599
1.34492 0.556641

1.33758 0.566406
1.33014 0.576172

1.32812 0.578781
1.3301 0.576172

1.34766 0.552959
1.35217 0.546875

1.48438 0.345209
1.48069 0.351562

1.46484 0.378165
1.46322 0.380859

1.46322 0.380859
1.45727 0.390625

1.47461 0.361838
1.4691 0.371094

1.48067 0.351562
1.47491 0.361328

1.47461 0.361831
1.4749 0.361328

1.46484 0.378154
1.46909 0.371094

1.44531 0.40996
1.44519 0.410156

1.43555 0.425455
1.43285 0.429688

1.44519 0.410156
1.43904 0.419922

1.43555 0.42536
1.43901 0.419922

1.42578 0.440591
1.42015 0.449219

1.41602 0.455521
1.41374 0.458984

1.4137 0.458984
1.40717 0.46875

1.41602 0.455448
1.42013 0.449219

1.43282 0.429688
1.42652 0.439453

1.42578 0.440553
1.42648 0.439453

1.45508 0.394213
1.45128 0.400391

1.44531 0.409959
1.45127 0.400391

1.45508 0.394165
1.45726 0.390625

1.49414 0.328323
1.49203 0.332031

1.50305 0.3125
1.49755 0.322266

1.49414 0.32821
1.49753 0.322266

1.49199 0.332031
1.48636 0.341797

1.48438 0.345151
1.48633 0.341797

1.40625 0.470084
1.40713 0.46875

1.64062 0.0196787
1.63303 0.0390625

1.62109 0.0685143
1.6171 0.078125

1.63086 0.0444649
1.62912 0.0488281

1.62911 0.0488281
1.62516 0.0585938

1.63086 0.0444483
1.63301 0.0390625

1.62516 0.0585938
1.62116 0.0683594

1.62109 0.0685084
1.62116 0.0683594

1.60156 0.114485
1.60039 0.117188

1.5918 0.136395
1.59165 0.136719

1.60035 0.117188
1.59602 0.126953

1.5918 0.136384
1.59602 0.126953

1.59165 0.136719
1.58722 0.146484

1.58722 0.146484
1.58273 0.15625

1.61133 0.0918656
1.60886 0.0976562

1.6171 0.078125
1.613 0.0878906

1.61133 0.0917078
1.61295 0.0878906

1.60883 0.0976562
1.60462 0.107422

1.60156 0.114375
1.6046 0.107422

1.64812 0
1.64442 0.00976562

1.64442 0.00976562
1.64067 0.0195312

1.64062 0.0196432
1.64067 0.0195312

1.58203 0.15776
1.57819 0.166016

1.57819 0.166016
1.57359 0.175781

1.57227 0.17859
1.56895 0.185547

1.56893 0.185547
1.56422 0.195312

1.57227 0.178485
1.57355 0.175781

1.58203 0.157707
1.58271 0.15625

1.5625 0.19876
1.56419 0.195312

1.25977 0.662958
1.25882 0.664062

1.26953 0.651464
1.26715 0.654297

1.25977 0.662942
1.26714 0.654297

1.2793 0.639813
1.27542 0.644531

1.28906 0.628017
1.28352 0.634766

1.2793 0.639846
1.28344 0.634766

1.26953 0.651476
1.27536 0.644531

1.25881 0.664062
1.25037 0.673828

1.25 0.674249
1.25037 0.673828

1.28906 0.627973
1.29149 0.625

