-0.380859 -1.25462
-0.385991 -1.25

-0.371094 -1.26353
-0.375223 -1.25977

-0.380859 -1.2546
-0.375148 -1.25977

-0.361328 -1.27258
-0.364638 -1.26953

-0.351562 -1.28163
-0.354077 -1.2793

-0.361328 -1.27257
-0.354021 -1.2793

-0.371094 -1.26354
-0.364526 -1.26953

-0.341797 -1.29076
-0.343613 -1.28906

-0.332031 -1.29993
-0.333205 -1.29883

-0.341797 -1.29072
-0.333163 -1.29883

-0.322266 -1.30917
-0.322871 -1.30859

-0.3125 -1.31846
-0.312606 -1.31836

-0.322266 -1.30914
-0.312604 -1.31836

-0.332031 -1.2999
-0.322845 -1.30859

-0.351562 -1.28162
-0.343555 -1.28906

-0.0488281 -1.57002
-0.0573537 -1.5625

-0.0390625 -1.57853
-0.0462821 -1.57227

-0.0488281 -1.56995
-0.0461703 -1.57227

-0.00976562 -1.60347
-0.0120611 -1.60156

0 -1.61152
-0.000232704 -1.61133

-0.00976562 -1.60343
-0.00022726 -1.61133

-0.0292969 -1.58695
-0.0351072 -1.58203

-0.0195312 -1.59523
-0.0236311 -1.5918

-0.0292969 -1.58696
-0.0235267 -1.5918

-0.0390625 -1.57845
-0.0348876 -1.58203

-0.0195312 -1.59523
-0.0119772 -1.60156

-0.214844 -1.41371
-0.222463 -1.40625

-0.195312 -1.43285
-0.202564 -1.42578

-0.205078 -1.42328
-0.212515 -1.41602

-0.214844 -1.41363
-0.212411 -1.41602

-0.205078 -1.42318
-0.202424 -1.42578

-0.175781 -1.45191
-0.182585 -1.44531

-0.15625 -1.47081
-0.162467 -1.46484

-0.166016 -1.46135
-0.172529 -1.45508

-0.175781 -1.45182
-0.172416 -1.45508

-0.166016 -1.46122
-0.162267 -1.46484

-0.185547 -1.44238
-0.192579 -1.43555

-0.195312 -1.43277
-0.192469 -1.43555

-0.185547 -1.44227
-0.182427 -1.44531

-0.292969 -1.33727
-0.30244 -1.32812

-0.273438 -1.35624
-0.282269 -1.34766

-0.283203 -1.34674
-0.29233 -1.33789

-0.292969 -1.33724
-0.292299 -1.33789

-0.283203 -1.3467
-0.282221 -1.34766

-0.253906 -1.37534
-0.262265 -1.36719

-0.234375 -1.39451
-0.242344 -1.38672

-0.244141 -1.38492
-0.252295 -1.37695

-0.253906 -1.37528
-0.2522 -1.37695

-0.244141 -1.38484
-0.242229 -1.38672

-0.263672 -1.36578
-0.272248 -1.35742

-0.273438 -1.3562
-0.272184 -1.35742

-0.263672 -1.36572
-0.262175 -1.36719

-0.3125 -1.31846
-0.302734 -1.32784

-0.302734 -1.32782
-0.302422 -1.32812

-0.224609 -1.40411
-0.232399 -1.39648

-0.234375 -1.39444
-0.232296 -1.39648

-0.224609 -1.40402
-0.22234 -1.40625

-0.136719 -1.48948
-0.142106 -1.48438

-0.117188 -1.50798
-0.121529 -1.50391

-0.126953 -1.49869
-0.131797 -1.49414

-0.136719 -1.48942
-0.131702 -1.49414

-0.126953 -1.49859
-0.12129 -1.50391

-0.0976562 -1.52607
-0.100508 -1.52344

-0.078125 -1.54393
-0.0791885 -1.54297

-0.0878906 -1.53502
-0.0898845 -1.5332

-0.0976562 -1.52604
-0.0898319 -1.5332

-0.0878906 -1.535
-0.0791328 -1.54297

-0.107422 -1.517
-0.111017 -1.51367

-0.117188 -1.50787
-0.110925 -1.51367

-0.107422 -1.517
-0.100403 -1.52344

-0.146484 -1.48013
-0.152291 -1.47461

-0.15625 -1.47072
-0.152183 -1.47461

-0.146484 -1.48005
-0.141942 -1.48438

-0.078125 -1.54389
-0.0683594 -1.55269

-0.0585938 -1.5614
-0.0683099 -1.55273

-0.0683594 -1.55269
-0.0683071 -1.55273

-0.0585938 -1.56133
-0.0572702 -1.5625

-1.02539 -0.667708
-1.02787 -0.664062

-1.01562 -0.681727
-1.02118 -0.673828

-1.02539 -0.667693
-1.02117 -0.673828

-1.03516 -0.653233
-1.04088 -0.644531

-1.04492 -0.638273
-1.04717 -0.634766

-1.04717 -0.634766
-1.05333 -0.625

-1.04492 -0.638255
-1.04088 -0.644531

-1.02789 -0.664062
-1.03446 -0.654297

-1.03516 -0.653203
-1.03445 -0.654297

-0.996094 -0.708525
-1.00012 -0.703125

-0.976562 -0.733819
-0.977665 -0.732422

-0.977675 -0.732422
-0.98532 -0.722656

-0.986328 -0.721341
-0.992804 -0.712891

-0.996094 -0.708468
-0.992809 -0.712891

-0.986328 -0.721332
-0.985316 -0.722656

-0.966797 -0.745967
-0.969829 -0.742188

-0.957031 -0.757816
-0.96186 -0.751953

-0.966797 -0.74594
-0.96191 -0.751953

-0.947266 -0.769333
-0.953744 -0.761719

-0.9375 -0.780603
-0.945428 -0.771484

-0.947266 -0.769323
-0.945421 -0.771484

-0.957031 -0.757767
-0.953758 -0.761719

-0.976562 -0.733816
-0.969867 -0.742188

-1.00586 -0.695323
-1.00727 -0.693359

-1.0073 -0.693359
-1.01431 -0.683594

-1.00586 -0.69532
-1.00013 -0.703125

-1.01562 -0.681689
-1.01431 -0.683594

-0.771484 -0.941368
-0.776136 -0.9375

-0.761719 -0.949562
-0.764496 -0.947266

-0.771484 -0.941402
-0.764454 -0.947266

-0.751953 -0.957621
-0.752673 -0.957031

-0.751953 -0.95762
-0.742188 -0.965593

-0.761719 -0.949559
-0.752668 -0.957031

-0.722656 -0.981264
-0.728569 -0.976562

-0.703125 -0.996724
-0.703933 -0.996094

-0.712891 -0.989036
-0.716355 -0.986328

-0.722656 -0.981278
-0.716279 -0.986328

-0.712891 -0.989032
-0.703922 -0.996094

-0.732422 -0.97348
-0.740694 -0.966797

-0.742188 -0.9656
-0.740703 -0.966797

-0.732422 -0.973521
-0.728564 -0.976562

-0.673828 -1.01947
-0.678857 -1.01562

-0.664062 -1.02701
-0.666201 -1.02539

-0.673828 -1.01949
-0.666153 -1.02539

-0.625 -1.05678
-0.627794 -1.05469

-0.644531 -1.04193
-0.653415 -1.03516

-0.664062 -1.027
-0.654297 -1.03448

-0.654297 -1.03448
-0.65341 -1.03516

-0.634766 -1.04934
-0.640589 -1.04492

-0.644531 -1.04198
-0.640581 -1.04492

-0.634766 -1.04934
-0.627715 -1.05469

-0.703125 -0.99672
-0.693359 -1.00436

-0.683594 -1.01195
-0.691425 -1.00586

-0.693359 -1.00437
-0.691424 -1.00586

-0.683594 -1.01197
-0.678812 -1.01562

-0.859375 -0.862512
-0.862614 -0.859375

-0.898438 -0.82327
-0.901252 -0.820312

-0.917969 -0.802389
-0.919439 -0.800781

-0.927734 -0.791616
-0.928273 -0.791016

-0.928275 -0.791016
-0.936937 -0.78125

-0.927734 -0.791614
-0.91944 -0.800781

-0.908203 -0.812932
-0.910427 -0.810547

-0.917969 -0.802371
-0.910432 -0.810547

-0.908203 -0.812888
-0.901264 -0.820312

-0.878906 -0.843281
-0.882313 -0.839844

-0.888672 -0.833372
-0.891871 -0.830078

-0.898438 -0.823217
-0.891879 -0.830078

-0.888672 -0.83335
-0.882319 -0.839844

-0.869141 -0.852991
-0.872562 -0.849609

-0.878906 -0.843278
-0.872567 -0.849609

-0.869141 -0.853014
-0.862624 -0.859375

-0.820312 -0.898973
-0.820906 -0.898438

-0.839844 -0.881049
-0.842139 -0.878906

-0.849609 -0.871859
-0.852471 -0.869141

-0.859375 -0.862561
-0.852474 -0.869141

-0.849609 -0.871916
-0.842132 -0.878906

-0.830078 -0.89009
-0.831624 -0.888672

-0.839844 -0.881076
-0.831619 -0.888672

-0.830078 -0.890097
-0.820904 -0.898438

-0.820312 -0.898973
-0.810547 -0.907711

-0.800781 -0.916314
-0.809986 -0.908203

-0.810547 -0.907711
-0.809991 -0.908203

-0.791016 -0.924788
-0.798875 -0.917969

-0.78125 -0.933124
-0.787603 -0.927734

-0.791016 -0.924808
-0.787584 -0.927734

-0.800781 -0.91632
-0.798886 -0.917969

-0.9375 -0.780604
-0.936935 -0.78125

-0.78125 -0.933192
-0.776077 -0.9375

-1.09375 -0.55475
-1.09789 -0.546875

-1.13281 -0.473387
-1.13482 -0.46875

-1.11328 -0.516125
-1.11726 -0.507812

-1.10352 -0.535895
-1.10781 -0.527344

-1.09789 -0.546875
-1.10291 -0.537109

-1.10352 -0.535891
-1.1029 -0.537109

-1.1078 -0.527344
-1.11259 -0.517578

-1.11328 -0.51612
-1.11258 -0.517578

-1.12305 -0.495333
-1.12626 -0.488281

-1.11725 -0.507812
-1.12181 -0.498047

-1.12305 -0.495323
-1.12181 -0.498047

-1.12625 -0.488281
-1.13059 -0.478516

-1.13281 -0.473374
-1.13059 -0.478516

-1.17188 -0.369723
-1.17456 -0.361328

-1.17456 -0.361328
-1.17759 -0.351562

-1.18164 -0.337976
-1.18337 -0.332031

-1.17759 -0.351562
-1.18053 -0.341797

-1.18164 -0.337965
-1.18052 -0.341797

-1.18337 -0.332031
-1.18612 -0.322266

-1.18612 -0.322266
-1.18879 -0.3125

-1.14258 -0.450135
-1.14296 -0.449219

-1.13482 -0.46875
-1.13894 -0.458984

-1.14258 -0.450134
-1.13894 -0.458984

-1.14295 -0.449219
-1.14687 -0.439453

-1.14687 -0.439453
-1.15068 -0.429688

-1.15234 -0.425297
-1.15438 -0.419922

-1.15438 -0.419922
-1.15799 -0.410156

-1.16211 -0.398634
-1.16491 -0.390625

-1.15799 -0.410156
-1.1615 -0.400391

-1.16211 -0.398628
-1.16149 -0.400391

-1.15234 -0.425287
-1.15067 -0.429688

-1.16491 -0.390625
-1.16822 -0.380859

-1.16822 -0.380859
-1.17144 -0.371094

-1.17188 -0.369719
-1.17144 -0.371094

-1.07422 -0.590108
-1.07662 -0.585938

-1.06445 -0.606766
-1.06522 -0.605469

-1.05469 -0.622793
-1.05935 -0.615234

-1.06445 -0.606762
-1.05935 -0.615234

-1.06523 -0.605469
-1.07099 -0.595703

-1.07422 -0.590094
-1.07099 -0.595703

-1.08398 -0.572793
-1.0875 -0.566406

-1.07662 -0.585938
-1.08212 -0.576172

-1.08398 -0.57278
-1.08212 -0.576172

-1.0875 -0.566406
-1.09276 -0.556641

-1.09375 -0.554742
-1.09275 -0.556641

-1.05469 -0.622777
-1.05332 -0.625

-1.19141 -0.302556
-1.19385 -0.292969

-1.19385 -0.292969
-1.19624 -0.283203

-1.19624 -0.283203
-1.19855 -0.273438

-1.18879 -0.3125
-1.19136 -0.302734

-1.19141 -0.302556
-1.19136 -0.302734

-1.20117 -0.261828
-1.2029 -0.253906

-1.19855 -0.273438
-1.20077 -0.263672

-1.20117 -0.261825
-1.20077 -0.263672

-1.2029 -0.253906
-1.20495 -0.244141

-1.20495 -0.244141
-1.20691 -0.234375

-1.21094 -0.212837
-1.2123 -0.205078

-1.2123 -0.205078
-1.21393 -0.195312

-1.21393 -0.195312
-1.21547 -0.185547

-1.21547 -0.185547
-1.21694 -0.175781

-1.21694 -0.175781
-1.21832 -0.166016

-1.21832 -0.166016
-1.21962 -0.15625

-1.20691 -0.234375
-1.20879 -0.224609

-1.20879 -0.224609
-1.21059 -0.214844

-1.21094 -0.212835
-1.21059 -0.214844

-1.2207 -0.147566
-1.22084 -0.146484

-1.22084 -0.146484
-1.22198 -0.136719

-1.2207 -0.147568
-1.21962 -0.15625

-1.22198 -0.136719
-1.22303 -0.126953

-1.22303 -0.126953
-1.22401 -0.117188

-1.22401 -0.117188
-1.22491 -0.107422

-1.22491 -0.107422
-1.22573 -0.0976562

-1.22573 -0.0976562
-1.22647 -0.0878906

-1.22647 -0.0878906
-1.22713 -0.078125

-1.22713 -0.078125
-1.22772 -0.0683594

-1.22772 -0.0683594
-1.22822 -0.0585938

-1.22822 -0.0585938
-1.22865 -0.0488281

-1.22865 -0.0488281
-1.229 -0.0390625

-1.229 -0.0390625
-1.22927 -0.0292969

-1.22927 -0.0292969
-1.22947 -0.0195312

-1.22947 -0.0195312
-1.22958 -0.00976562

-1.22958 -0.00976562
-1.22962 0

-0.576172 -1.09384
-0.576287 -1.09375

-0.576172 -1.09384
-0.566406 -1.1013

-0.546875 -1.11632
-0.550895 -1.11328

-0.556641 -1.1088
-0.563522 -1.10352

-0.566406 -1.10131
-0.563479 -1.10352

-0.556641 -1.10878
-0.550777 -1.11328

-0.46875 -1.17856
-0.476911 -1.17188

-0.517578 -1.1392
-0.525693 -1.13281

-0.507812 -1.14694
-0.513346 -1.14258

-0.517578 -1.13922
-0.513258 -1.14258

-0.537109 -1.1239
-0.538221 -1.12305

-0.546875 -1.11631
-0.538187 -1.12305

-0.537109 -1.12388
-0.527344 -1.13151

-0.527344 -1.13147
-0.525625 -1.13281

-0.498047 -1.15479
-0.501132 -1.15234

-0.488281 -1.16264
-0.488937 -1.16211

-0.498047 -1.15476
-0.488924 -1.16211

-0.507812 -1.14693
-0.501033 -1.15234

-0.488281 -1.16263
-0.478516 -1.17056

-0.478516 -1.17054
-0.476873 -1.17188

-0.625 -1.05676
-0.615234 -1.06416

-0.605469 -1.07156
-0.614848 -1.06445

-0.615234 -1.06416
-0.614845 -1.06445

-0.595703 -1.07897
-0.601966 -1.07422

-0.585938 -1.08641
-0.589179 -1.08398

-0.595703 -1.07895
-0.589086 -1.08398

-0.605469 -1.07159
-0.601937 -1.07422

-0.585938 -1.08639
-0.576285 -1.09375

-0.429688 -1.21142
-0.430256 -1.21094

-0.449219 -1.19485
-0.453373 -1.19141

-0.458984 -1.18663
-0.465059 -1.18164

-0.46875 -1.17855
-0.464952 -1.18164

-0.458984 -1.18661
-0.453163 -1.19141

-0.439453 -1.2031
-0.44174 -1.20117

-0.449219 -1.19478
-0.441663 -1.20117

-0.439453 -1.20306
-0.430243 -1.21094

-0.429688 -1.21141
-0.419922 -1.21985

-0.410156 -1.22837
-0.418942 -1.2207

-0.419922 -1.21984
-0.418927 -1.2207

-0.400391 -1.23699
-0.4078 -1.23047

-0.390625 -1.24575
-0.396859 -1.24023

-0.400391 -1.23689
-0.396613 -1.24023

-0.410156 -1.22833
-0.407702 -1.23047

-0.390625 -1.24567
-0.3858 -1.25

-1.22962 0
-1.22958 0.00976562

-1.22958 0.00976562
-1.22947 0.0195312

-1.22947 0.0195312
-1.22927 0.0292969

-1.22927 0.0292969
-1.229 0.0390625

-1.229 0.0390625
-1.22865 0.0488281

-1.22865 0.0488281
-1.22823 0.0585938

-1.22823 0.0585938
-1.22772 0.0683594

-1.22772 0.0683594
-1.22714 0.078125

-1.22714 0.078125
-1.22648 0.0878906

-1.22648 0.0878906
-1.22574 0.0976562

-1.22574 0.0976562
-1.22493 0.107422

-1.22493 0.107422
-1.22403 0.117188

-1.22403 0.117188
-1.22306 0.126953

-1.22306 0.126953
-1.22201 0.136719

-1.22201 0.136719
-1.22089 0.146484

-1.22089 0.146484
-1.2207 0.14797

-1.2207 0.147967
-1.21968 0.15625

-1.21968 0.15625
-1.2184 0.166016

-1.2184 0.166016
-1.21703 0.175781

-1.21703 0.175781
-1.21559 0.185547

-1.21559 0.185547
-1.21407 0.195312

-1.21407 0.195312
-1.21247 0.205078

-1.21247 0.205078
-1.21094 0.214004

-1.21094 0.214006
-1.21079 0.214844

-1.21079 0.214844
-1.20903 0.224609

-1.20903 0.224609
-1.20719 0.234375

-1.20719 0.234375
-1.20527 0.244141

-1.20527 0.244141
-1.20327 0.253906

-1.20327 0.253906
-1.20119 0.263672

-1.20119 0.263672
-1.20117 0.263764

-1.20117 0.263764
-1.19903 0.273438

-1.19903 0.273438
-1.19679 0.283203

-1.19679 0.283203
-1.19446 0.292969

-1.19446 0.292969
-1.19205 0.302734

-1.19205 0.302734
-1.19141 0.30526

-1.19141 0.305267
-1.18956 0.3125

-1.18956 0.3125
-1.18698 0.322266

-1.18698 0.322266
-1.18432 0.332031

-1.18432 0.332031
-1.18164 0.341559

-1.18164 0.341558
-1.18157 0.341797

-1.18157 0.341797
-1.17874 0.351562

-1.17874 0.351562
-1.17582 0.361328

-1.17582 0.361328
-1.17281 0.371094

-1.17281 0.371094
-1.17188 0.374047

-1.17188 0.374057
-1.16972 0.380859

-1.16972 0.380859
-1.16654 0.390625

-1.16654 0.390625
-1.16327 0.400391

-1.16326 0.400391
-1.16211 0.403743

-1.16211 0.403754
-1.15991 0.410156

-1.15991 0.410156
-1.15646 0.419922

-1.15646 0.419922
-1.15292 0.429688

-1.15292 0.429688
-1.15234 0.431224

-1.15234 0.431228
-1.14929 0.439453

-1.14929 0.439453
-1.14556 0.449219

-1.14556 0.449219
-1.14258 0.456854

-1.14258 0.456864
-1.14175 0.458984

-1.14175 0.458984
-1.13784 0.46875

-1.13784 0.46875
-1.13383 0.478516

-1.13383 0.478516
-1.13281 0.480931

-1.13281 0.480943
-1.12973 0.488281

-1.12973 0.488281
-1.12553 0.498047

-1.12553 0.498047
-1.12305 0.503682

-1.12305 0.503699
-1.12124 0.507812

-1.12123 0.507812
-1.11684 0.517578

-1.11683 0.517578
-1.11328 0.525294

-1.11328 0.525307
-1.11234 0.527344

-1.11234 0.527344
-1.10774 0.537109

-1.10774 0.537109
-1.10352 0.545878

-1.10352 0.545884
-1.10304 0.546875

-1.10304 0.546875
-1.09823 0.556641

-1.09823 0.556641
-1.09375 0.565541

-1.09375 0.565547
-1.09332 0.566406

-1.09332 0.566406
-1.08829 0.576172

-1.08829 0.576172
-1.08398 0.584375

-1.08398 0.584385
-1.08317 0.585938

-1.08316 0.585938
-1.07792 0.595703

-1.07792 0.595703
-1.07422 0.602459

-1.07422 0.602479
-1.07258 0.605469

-1.07257 0.605469
-1.06711 0.615234

-1.0671 0.615234
-1.06445 0.619866

-1.06445 0.619889
-1.06153 0.625

-1.06153 0.625
-1.05583 0.634766

-1.05582 0.634766
-1.05469 0.636678

-1.05469 0.636681
-1.05001 0.644531

-1.05001 0.644531
-1.04492 0.652895

-1.04492 0.652905
-1.04408 0.654297

-1.04407 0.654297
-1.03801 0.664062

-1.038 0.664062
-1.03516 0.668556

-1.03516 0.668585
-1.03184 0.673828

-1.03183 0.673828
-1.02551 0.683594

-1.02552 0.683594
-1.02539 0.683788

-1.02539 0.683781
-1.01907 0.693359

-1.01905 0.693359
-1.01562 0.698442

-1.01562 0.698488
-1.01257 0.703125

-1.0125 0.703125
-1.00586 0.712793

-1.00586 0.712792
-1.00579 0.712891

-1.00579 0.712891
-0.998947 0.722656

-0.998929 0.722656
-0.996094 0.726665

-0.996094 0.726651
-0.991967 0.732422

-0.99196 0.732422
-0.986328 0.740141

-0.986328 0.740162
-0.984868 0.742188

-0.984841 0.742188
-0.977571 0.751953

-0.977568 0.751953
-0.976562 0.753299

-0.976562 0.75328
-0.970154 0.761719

-0.970121 0.761719
-0.966797 0.766095

-0.966797 0.766047
-0.962604 0.771484

-0.962582 0.771484
-0.957031 0.778506

-0.957031 0.778537
-0.9549 0.78125

-0.95487 0.78125
-0.947266 0.790673

-0.947266 0.790676
-0.94699 0.791016

-0.94699 0.791016
-0.938949 0.800781

-0.938942 0.800781
-0.9375 0.802517

-0.9375 0.802506
-0.930743 0.810547

-0.930713 0.810547
-0.927734 0.81407

-0.927734 0.81404
-0.922396 0.820312

-0.92234 0.820312
-0.917969 0.825385

-0.917969 0.82532
-0.91383 0.830078

-0.91377 0.830078
-0.908203 0.836413

-0.908203 0.836379
-0.905106 0.839844

-0.90508 0.839844
-0.898438 0.847176

-0.898438 0.847112
-0.887135 0.859375

-0.887046 0.859375
-0.878906 0.8679

-0.878906 0.867891
-0.877699 0.869141

-0.8777 0.869141
-0.869141 0.87792

-0.869141 0.877916
-0.868164 0.878906

-0.86816 0.878906
-0.859375 0.887723

-0.859375 0.887738
-0.848456 0.898438

-0.84847 0.898438
-0.839844 0.90673

-0.839844 0.906736
-0.8383 0.908203

-0.838303 0.908203
-0.830078 0.915933

-0.830078 0.915948
-0.827903 0.917969

-0.827911 0.917969
-0.820312 0.924941

-0.820312 0.924976
-0.81727 0.927734

-0.817285 0.927734
-0.810547 0.933751

-0.810547 0.93381
-0.806366 0.9375

-0.806405 0.9375
-0.800781 0.942399

-0.800781 0.942471
-0.795188 0.947266

-0.795258 0.947266
-0.791016 0.950895

-0.791016 0.950921
-0.783822 0.957031

-0.783839 0.957031
-0.78125 0.959206

-0.78125 0.95922
-0.772157 0.966797

-0.772159 0.966797
-0.771484 0.967353

-0.771484 0.967356
-0.761719 0.97533

-0.761719 0.975323
-0.760169 0.976562

-0.760179 0.976562
-0.751953 0.983144

-0.751953 0.98315
-0.747842 0.986328

-0.74792 0.986328
-0.742188 0.990794

-0.742188 0.990803
-0.735304 0.996094

-0.73531 0.996094
-0.732422 0.998267

-0.732422 0.998303
-0.722656 1.00566

-0.722656 1.00566
-0.722389 1.00586

-0.722388 1.00586
-0.712891 1.01288

-0.712891 1.01288
-0.709052 1.01562

-0.70911 1.01562
-0.703125 1.01996

-0.703125 1.01995
-0.695469 1.02539

-0.695469 1.02539
-0.693359 1.02685

-0.693359 1.02688
-0.683594 1.03368

-0.683594 1.03368
-0.681389 1.03516

-0.681439 1.03516
-0.673828 1.04035

-0.673828 1.04034
-0.666983 1.04492

-0.667019 1.04492
-0.664062 1.04687

-0.664062 1.0469
-0.652095 1.05469

-0.652143 1.05469
-0.644531 1.05959

-0.644531 1.05959
-0.636828 1.06445

-0.636835 1.06445
-0.634766 1.06574

-0.634766 1.06576
-0.625 1.0718

-0.625 1.0718
-0.621009 1.07422

-0.621019 1.07422
-0.615234 1.07773

-0.615234 1.07773
-0.605469 1.08353

-0.605469 1.08353
-0.604686 1.08398

-0.604692 1.08398
-0.595703 1.08922

-0.595703 1.08922
-0.587772 1.09375

-0.587776 1.09375
-0.585938 1.0948

-0.585938 1.0948
-0.576172 1.10026

-0.576172 1.10026
-0.570234 1.10352

-0.57024 1.10352
-0.566406 1.10562

-0.566406 1.10561
-0.556641 1.11086

-0.556641 1.11085
-0.552026 1.11328

-0.552034 1.11328
-0.546875 1.11599

-0.546875 1.11599
-0.537109 1.12102

-0.537109 1.12102
-0.533086 1.12305

-0.533093 1.12305
-0.527344 1.12595

-0.527344 1.12594
-0.517578 1.13076

-0.517578 1.13075
-0.513315 1.13281

-0.513327 1.13281
-0.507812 1.13551

-0.507812 1.13548
-0.498047 1.1401

-0.498047 1.1401
-0.492684 1.14258

-0.492686 1.14258
-0.488281 1.14462

-0.488281 1.14461
-0.478516 1.14903

-0.478516 1.14903
-0.47103 1.15234

-0.47103 1.15234
-0.46875 1.15335

-0.46875 1.15335
-0.458984 1.15758

-0.458984 1.15758
-0.449219 1.16171

-0.449219 1.16171
-0.448246 1.16211

-0.448245 1.16211
-0.439453 1.16574

-0.439453 1.16574
-0.429688 1.16969

-0.429688 1.1697
-0.424099 1.17188

-0.424152 1.17188
-0.419922 1.17354

-0.419922 1.17354
-0.410156 1.1773

-0.410156 1.1773
-0.400391 1.18097

-0.400391 1.18097
-0.398569 1.18164

-0.398567 1.18164
-0.390625 1.18455

-0.390625 1.18455
-0.380859 1.18805

-0.380859 1.18805
-0.371215 1.19141

-0.371209 1.19141
-0.371094 1.19145

-0.371094 1.19145
-0.361328 1.19476

-0.361328 1.19476
-0.351562 1.19799

-0.351562 1.19799
-0.341797 1.20113

-0.341797 1.20114
-0.34168 1.20117

-0.341676 1.20117
-0.332031 1.20419

-0.332031 1.20419
-0.322266 1.20717

-0.322266 1.20717
-0.3125 1.21006

-0.3125 1.21006
-0.309452 1.21094

-0.309442 1.21094
-0.302734 1.21287

-0.302734 1.21287
-0.292969 1.21559

-0.292969 1.21559
-0.283203 1.21824

-0.283203 1.21824
-0.273813 1.2207

-0.273809 1.2207
-0.273438 1.2208

-0.273438 1.2208
-0.263672 1.22329

-0.263672 1.22329
-0.253906 1.22569

-0.253906 1.22569
-0.244141 1.22802

-0.244141 1.22802
-0.234375 1.23026

-0.234375 1.23026
-0.233434 1.23047

-0.233427 1.23047
-0.224609 1.23242

-0.224609 1.23242
-0.214844 1.23451

-0.214844 1.23451
-0.205078 1.23652

-0.205078 1.23652
-0.195312 1.23846

-0.195312 1.23846
-0.186043 1.24023

-0.186038 1.24023
-0.185547 1.24033

-0.185547 1.24033
-0.175781 1.24212

-0.175781 1.24212
-0.166016 1.24384

-0.166016 1.24384
-0.15625 1.24549

-0.15625 1.24549
-0.146484 1.24706

-0.146484 1.24706
-0.136719 1.24856

-0.136719 1.24856
-0.126953 1.24998

-0.126953 1.24998
-0.126797 1.25

-0.126786 1.25
-0.117188 1.25132

-0.117188 1.25132
-0.107422 1.25259

-0.107422 1.25259
-0.0976562 1.25379

-0.0976562 1.25379
-0.0878906 1.25492

-0.0878906 1.25492
-0.078125 1.25597

-0.078125 1.25597
-0.0683594 1.25694

-0.0683594 1.25694
-0.0585938 1.25785

-0.0585938 1.25785
-0.0488281 1.25868

-0.0488281 1.25868
-0.0390625 1.25945

-0.0390625 1.25945
-0.0345746 1.25977

-0.0345385 1.25977
-0.0292969 1.26014

-0.0292969 1.26014
-0.0195312 1.26076

-0.0195312 1.26076
-0.00976562 1.2613

-0.00976562 1.2613
0 1.26178

0.507812 -1.87919
0.491449 -1.875

0.507812 -1.87916
0.517578 -1.88152

0.517578 -1.88152
0.527344 -1.88377

0.537109 -1.88593
0.531851 -1.88477

0.527344 -1.88376
0.531882 -1.88477

0.537109 -1.88592
0.546875 -1.88798

0.546875 -1.88798
0.556641 -1.88994

0.556641 -1.88994
0.566406 -1.8918

0.585938 -1.89524
0.581808 -1.89453

0.566406 -1.8918
0.576172 -1.89357

0.576172 -1.89357
0.581775 -1.89453

0.585938 -1.89524
0.595703 -1.89681

0.595703 -1.89681
0.605469 -1.89829

0.605469 -1.89829
0.615234 -1.89967

0.615234 -1.89967
0.625 -1.90095

0.15625 -1.72554
0.145795 -1.71875

0.0390625 -1.64276
0.0363072 -1.64062

0.0390625 -1.64271
0.0488281 -1.65022

0.0585938 -1.65762
0.0490494 -1.65039

0.0488281 -1.65021
0.0490616 -1.65039

0.0683594 -1.66497
0.0619133 -1.66016

0.078125 -1.67212
0.0750615 -1.66992

0.0683594 -1.66489
0.075202 -1.66992

0.0585938 -1.65754
0.0621564 -1.66016

0.0195312 -1.62735
0.0117592 -1.62109

0 -1.61152
0.00976562 -1.61949

0.00976562 -1.61948
0.0117816 -1.62109

0.0292969 -1.63505
0.0239519 -1.63086

0.0195312 -1.62739
0.0239891 -1.63086

0.0292969 -1.63506
0.0364186 -1.64062

0.0976562 -1.68612
0.0886219 -1.67969

0.117188 -1.69971
0.116457 -1.69922

0.107422 -1.693
0.102359 -1.68945

0.0976562 -1.68609
0.10246 -1.68945

0.107422 -1.69297
0.116489 -1.69922

0.078125 -1.67209
0.0878906 -1.67916

0.0878906 -1.67913
0.0886861 -1.67969

0.117188 -1.6997
0.126953 -1.70632

0.136719 -1.71285
0.130919 -1.70898

0.126953 -1.70629
0.130994 -1.70898

0.136719 -1.71283
0.145756 -1.71875

0.166016 -1.73172
0.160949 -1.72852

0.15625 -1.72547
0.161075 -1.72852

0.166016 -1.73168
0.175781 -1.73774

0.185547 -1.7437
0.176658 -1.73828

0.195312 -1.74955
0.192799 -1.74805

0.185547 -1.74368
0.192849 -1.74805

0.175781 -1.73765
0.176837 -1.73828

0.214844 -1.76091
0.209466 -1.75781

0.214844 -1.76087
0.224609 -1.76638

0.234375 -1.77178
0.226758 -1.76758

0.224609 -1.76632
0.226883 -1.76758

0.195312 -1.74953
0.205078 -1.75525

0.205078 -1.75521
0.209597 -1.75781

0.283203 -1.79704
0.282876 -1.79688

0.283203 -1.79706
0.292969 -1.80179

0.292969 -1.80179
0.302734 -1.80641

0.3125 -1.81092
0.30324 -1.80664

0.302734 -1.80638
0.303293 -1.80664

0.253906 -1.78222
0.244695 -1.77734

0.234375 -1.77177
0.244141 -1.77705

0.244141 -1.77706
0.244682 -1.77734

0.263672 -1.78727
0.263362 -1.78711

0.253906 -1.78222
0.263342 -1.78711

0.263672 -1.78728
0.273438 -1.79223

0.273438 -1.79225
0.282876 -1.79688

0.332031 -1.8196
0.32478 -1.81641

0.3125 -1.81092
0.322266 -1.81532

0.322266 -1.81537
0.324625 -1.81641

0.332031 -1.81961
0.341797 -1.8238

0.351562 -1.82784
0.347573 -1.82617

0.341797 -1.82383
0.347396 -1.82617

0.390625 -1.84318
0.371573 -1.83594

0.351562 -1.82788
0.361328 -1.83186

0.361328 -1.83186
0.371094 -1.83573

0.371094 -1.83571
0.371685 -1.83594

0.400391 -1.84673
0.397577 -1.8457

0.390625 -1.84315
0.397632 -1.8457

0.400391 -1.84671
0.410156 -1.85017

0.429688 -1.85677
0.425784 -1.85547

0.410156 -1.85017
0.419922 -1.85352

0.419922 -1.85352
0.425766 -1.85547

0.429688 -1.85677
0.439453 -1.85992

0.439453 -1.85992
0.449219 -1.86297

0.458984 -1.86589
0.456809 -1.86523

0.449219 -1.86298
0.456683 -1.86523

0.458984 -1.86592
0.46875 -1.86877

0.46875 -1.86877
0.478516 -1.87152

0.478516 -1.87152
0.488281 -1.87416

0.488281 -1.87418
0.491427 -1.875

0.625 -1.90095
0.634766 -1.90214

0.634766 -1.90214
0.644531 -1.90322

0.644531 -1.90322
0.654297 -1.90421

0.664062 -1.90511
0.655215 -1.9043

0.654297 -1.90422
0.655129 -1.9043

0.664062 -1.90511
0.673828 -1.9059

0.673828 -1.9059
0.683594 -1.9066

0.683594 -1.9066
0.693359 -1.9072

0.693359 -1.9072
0.703125 -1.90771

0.703125 -1.90771
0.712891 -1.90812

0.712891 -1.90812
0.722656 -1.90843

0.722656 -1.90843
0.732422 -1.90864

0.732422 -1.90864
0.742188 -1.90876

0.742188 -1.90876
0.751953 -1.90878

0.751953 -1.90878
0.761719 -1.90871

0.761719 -1.90871
0.771484 -1.90853

0.771484 -1.90853
0.78125 -1.90826

0.78125 -1.90826
0.791016 -1.90789

0.791016 -1.90789
0.800781 -1.90743

0.800781 -1.90743
0.810547 -1.90686

0.810547 -1.90686
0.820312 -1.9062

0.820312 -1.9062
0.830078 -1.90543

0.830078 -1.90543
0.839844 -1.90457

0.839844 -1.90457
0.842653 -1.9043

0.842655 -1.9043
0.849609 -1.90361

0.849609 -1.90361
0.859375 -1.90255

0.859375 -1.90255
0.869141 -1.90139

0.869141 -1.9014
0.878906 -1.90014

0.878906 -1.90014
0.888672 -1.89878

0.888672 -1.89878
0.898438 -1.89732

0.898438 -1.89732
0.908203 -1.89576

0.908203 -1.89576
0.915429 -1.89453

0.915378 -1.89453
0.917969 -1.89409

0.917969 -1.8941
0.927734 -1.89233

0.927734 -1.89233
0.9375 -1.89046

0.9375 -1.89046
0.947266 -1.88849

0.947266 -1.88849
0.957031 -1.88641

0.957031 -1.88641
0.96438 -1.88477

0.964426 -1.88477
0.966797 -1.88424

0.966797 -1.88423
0.976562 -1.88194

0.976562 -1.88194
0.986328 -1.87954

0.986328 -1.87954
0.996094 -1.87703

0.996094 -1.87703
1.00366 -1.875

1.00371 -1.875
1.00586 -1.87443

1.00586 -1.87441
1.01562 -1.87169

1.01562 -1.87169
1.02539 -1.86885

1.02539 -1.86885
1.03516 -1.8659

1.03516 -1.86589
1.03726 -1.86523

1.03729 -1.86523
1.04492 -1.86284

1.04492 -1.86284
1.05469 -1.85966

1.05469 -1.85966
1.06445 -1.85637

1.06445 -1.85637
1.06703 -1.85547

1.06704 -1.85547
1.07422 -1.85296

1.07422 -1.85296
1.08398 -1.84944

1.08398 -1.84944
1.09375 -1.84579

1.09375 -1.84579
1.09397 -1.8457

1.09398 -1.8457
1.10352 -1.84202

1.10352 -1.84202
1.11328 -1.83814

1.11328 -1.83812
1.1186 -1.83594

1.11867 -1.83594
1.12305 -1.83414

1.12305 -1.83413
1.13281 -1.82999

1.13281 -1.82999
1.14155 -1.82617

1.14159 -1.82617
1.14258 -1.82574

1.14258 -1.82573
1.15234 -1.82134

1.15234 -1.82134
1.16211 -1.81681

1.16211 -1.81681
1.16296 -1.81641

1.16297 -1.81641
1.17188 -1.81216

1.17188 -1.81216
1.18164 -1.80737

1.18164 -1.80736
1.18308 -1.80664

1.1831 -1.80664
1.19141 -1.80245

1.19141 -1.80245
1.20117 -1.79739

1.20117 -1.79736
1.20208 -1.79688

1.20209 -1.79688
1.21094 -1.79223

1.21094 -1.79219
1.22022 -1.78711

1.22024 -1.78711
1.2207 -1.78685

1.2207 -1.78685
1.23047 -1.78136

1.23047 -1.78135
1.23742 -1.77734

1.23745 -1.77734
1.24023 -1.77574

1.24023 -1.77573
1.25 -1.76994

1.25 -1.76996
1.25391 -1.76758

1.25387 -1.76758
1.25977 -1.76399

1.25977 -1.764
1.26953 -1.75791

1.26953 -1.75791
1.26969 -1.75781

1.26969 -1.75781
1.2793 -1.75166

1.2793 -1.75165
1.28478 -1.74805

1.28484 -1.74805
1.28906 -1.74527

1.28906 -1.74525
1.29883 -1.73868

1.29883 -1.73867
1.29941 -1.73828

1.2994 -1.73828
1.30859 -1.73193

1.30859 -1.73191
1.31341 -1.72852

1.31343 -1.72852
1.31836 -1.72503

1.31836 -1.72501
1.32698 -1.71875

1.327 -1.71875
1.32812 -1.71794

1.32812 -1.71792
1.33789 -1.71065

1.33789 -1.71063
1.34009 -1.70898

1.34007 -1.70898
1.34766 -1.70319

1.34766 -1.70314
1.35273 -1.69922

1.35272 -1.69922
1.35742 -1.69558

1.35742 -1.69554
1.365 -1.68945

1.36499 -1.68945
1.36719 -1.68768

1.36719 -1.68765
1.37697 -1.67969

1.37691 -1.67969
1.37695 -1.67965

1.37695 -1.67965
1.38672 -1.6714

1.38672 -1.67139
1.38843 -1.66992

1.38843 -1.66992
1.39648 -1.66295

1.39648 -1.66292
1.39963 -1.66016

1.3996 -1.66016
1.40625 -1.6543

1.40625 -1.65423
1.41052 -1.65039

1.41051 -1.65039
1.41602 -1.6454

1.41602 -1.64534
1.42112 -1.64062

1.42109 -1.64062
1.42578 -1.63623

1.42578 -1.63621
1.43142 -1.63086

1.4314 -1.63086
1.43555 -1.62686

1.43555 -1.62686
1.44144 -1.62109

1.44142 -1.62109
1.44531 -1.61723

1.44531 -1.61725
1.45119 -1.61133

1.45119 -1.61133
1.45508 -1.60736

1.45508 -1.60737
1.46068 -1.60156

1.46069 -1.60156
1.46484 -1.5972

1.46484 -1.59724
1.46996 -1.5918

1.46996 -1.5918
1.47461 -1.58676

1.47461 -1.58684
1.479 -1.58203

1.479 -1.58203
1.48438 -1.57603

1.48438 -1.57619
1.49642 -1.5625

1.49642 -1.5625
1.50391 -1.55377

1.50391 -1.55367
1.5047 -1.55273

1.50479 -1.55273
1.51297 -1.54297

1.51296 -1.54297
1.51367 -1.5421

1.51367 -1.54212
1.52097 -1.5332

1.52095 -1.5332
1.52344 -1.53008

1.52344 -1.53017
1.52876 -1.52344

1.52879 -1.52344
1.5332 -1.51776

1.5332 -1.51781
1.53636 -1.51367

1.5364 -1.51367
1.54297 -1.50507

1.54297 -1.50507
1.54385 -1.50391

1.54385 -1.50391
1.55114 -1.49414

1.55112 -1.49414
1.55273 -1.4919

1.55273 -1.49197
1.55827 -1.48438

1.55829 -1.48438
1.5625 -1.47832

1.5625 -1.47851
1.56524 -1.47461

1.56522 -1.47461
1.57203 -1.46484

1.57202 -1.46484
1.57227 -1.46449

1.57227 -1.46449
1.57868 -1.45508

1.57867 -1.45508
1.58203 -1.45004

1.58203 -1.45006
1.5852 -1.44531

1.58519 -1.44531
1.59155 -1.43555

1.59155 -1.43555
1.5918 -1.43515

1.5918 -1.43516
1.59777 -1.42578

1.59779 -1.42578
1.60156 -1.41972

1.60156 -1.41969
1.60984 -1.40625

1.6098 -1.40625
1.61133 -1.40368

1.61133 -1.4037
1.61563 -1.39648

1.61562 -1.39648
1.62109 -1.38709

1.62109 -1.38709
1.62131 -1.38672

1.62131 -1.38672
1.62687 -1.37695

1.62687 -1.37695
1.63086 -1.36979

1.63086 -1.36982
1.63233 -1.36719

1.63231 -1.36719
1.63763 -1.35742

1.63762 -1.35742
1.64062 -1.35179

1.64062 -1.35183
1.64285 -1.34766

1.64284 -1.34766
1.64793 -1.33789

1.64792 -1.33789
1.65039 -1.33304

1.65039 -1.33307
1.65291 -1.32812

1.6529 -1.32812
1.65777 -1.31836

1.65776 -1.31836
1.66016 -1.31344

1.66016 -1.31347
1.66253 -1.30859

1.66252 -1.30859
1.66717 -1.29883

1.66716 -1.29883
1.66992 -1.2929

1.66992 -1.29296
1.67174 -1.28906

1.67174 -1.28906
1.67969 -1.27141

1.67969 -1.27141
1.68052 -1.26953

1.6805 -1.26953
1.68475 -1.25977

1.68475 -1.25977
1.68889 -1.25

1.68888 -1.25
1.68945 -1.24862

1.68945 -1.24865
1.69294 -1.24023

1.69294 -1.24023
1.6969 -1.23047

1.69689 -1.23047
1.69922 -1.22457

1.69922 -1.22461
1.70076 -1.2207

1.70075 -1.2207
1.70452 -1.21094

1.70452 -1.21094
1.7082 -1.20117

1.70818 -1.20117
1.70898 -1.19899

1.70898 -1.19903
1.71178 -1.19141

1.71178 -1.19141
1.71528 -1.18164

1.71528 -1.18164
1.71869 -1.17188

1.71868 -1.17188
1.71875 -1.17168

1.71875 -1.17169
1.72201 -1.16211

1.72201 -1.16211
1.72524 -1.15234

1.72524 -1.15234
1.7284 -1.14258

1.72839 -1.14258
1.72852 -1.14219

1.72852 -1.1422
1.73147 -1.13281

1.73147 -1.13281
1.73445 -1.12305

1.73445 -1.12305
1.73736 -1.11328

1.73735 -1.11328
1.73828 -1.11006

1.73828 -1.1101
1.74019 -1.10352

1.74018 -1.10352
1.74293 -1.09375

1.74293 -1.09375
1.74559 -1.08398

1.74559 -1.08398
1.74805 -1.07472

1.74805 -1.07474
1.74818 -1.07422

1.74818 -1.07422
1.75069 -1.06445

1.75069 -1.06445
1.75312 -1.05469

1.75312 -1.05469
1.75548 -1.04492

1.75548 -1.04492
1.75777 -1.03516

1.75777 -1.03516
1.75781 -1.03495

1.75781 -1.03496
1.75998 -1.02539

1.75998 -1.02539
1.76212 -1.01562

1.76212 -1.01562
1.76418 -1.00586

1.76418 -1.00586
1.76617 -0.996094

1.76617 -0.996094
1.76758 -0.988923

1.76758 -0.988984
1.7681 -0.986328

1.76809 -0.986328
1.76994 -0.976562

1.76994 -0.976562
1.77172 -0.966797

1.77172 -0.966797
1.77343 -0.957031

1.77343 -0.957031
1.77507 -0.947266

1.77507 -0.947266
1.77664 -0.9375

1.77664 -0.9375
1.77734 -0.9329

1.77734 -0.932881
1.77813 -0.927734

1.77814 -0.927734
1.77957 -0.917969

1.77957 -0.917969
1.78093 -0.908203

1.78093 -0.908203
1.78223 -0.898438

1.78223 -0.898438
1.78346 -0.888672

1.78346 -0.888672
1.78463 -0.878906

1.78463 -0.878906
1.78573 -0.869141

1.78573 -0.869141
1.78677 -0.859375

1.78676 -0.859375
1.78711 -0.855906

1.78711 -0.856027
1.78775 -0.849609

1.78775 -0.849609
1.78866 -0.839844

1.78866 -0.839844
1.78951 -0.830078

1.78951 -0.830078
1.7903 -0.820312

1.7903 -0.820312
1.79103 -0.810547

1.79103 -0.810547
1.79171 -0.800781

1.7917 -0.800781
1.79232 -0.791016

1.79232 -0.791016
1.79287 -0.78125

1.79287 -0.78125
1.79336 -0.771484

1.79336 -0.771484
1.79379 -0.761719

1.79379 -0.761719
1.79417 -0.751953

1.79417 -0.751953
1.79449 -0.742188

1.79449 -0.742188
1.79475 -0.732422

1.79475 -0.732422
1.79495 -0.722656

1.79495 -0.722656
1.7951 -0.712891

1.7951 -0.712891
1.79519 -0.703125

1.79519 -0.703125
1.79522 -0.693359

1.79522 -0.693359
1.7952 -0.683594

1.7952 -0.683594
1.79512 -0.673828

1.79512 -0.673828
1.79499 -0.664062

1.79499 -0.664062
1.79479 -0.654297

1.79479 -0.654297
1.79455 -0.644531

1.79455 -0.644531
1.79425 -0.634766

1.79425 -0.634766
1.79389 -0.625

1.79389 -0.625
1.79348 -0.615234

1.79348 -0.615234
1.79302 -0.605469

1.79302 -0.605469
1.7925 -0.595703

1.7925 -0.595703
1.79193 -0.585938

1.79193 -0.585938
1.79131 -0.576172

1.79131 -0.576172
1.79064 -0.566406

1.79064 -0.566406
1.78991 -0.556641

1.78991 -0.556641
1.78913 -0.546875

1.78913 -0.546875
1.78831 -0.537109

1.78831 -0.537109
1.78743 -0.527344

1.78711 -0.523889
1.78651 -0.517578

1.7865 -0.517578
1.78552 -0.507812

1.78711 -0.524191
1.78741 -0.527344

1.78552 -0.507812
1.78449 -0.498047

1.78449 -0.498047
1.78342 -0.488281

1.78342 -0.488281
1.78229 -0.478516

1.78229 -0.478516
1.78111 -0.46875

1.77734 -0.439868
1.77729 -0.439453

1.77728 -0.439453
1.77591 -0.429688

1.78111 -0.46875
1.77988 -0.458984

1.77988 -0.458984
1.77861 -0.449219

1.77734 -0.439892
1.77861 -0.449219

1.77591 -0.429688
1.77448 -0.419922

1.77448 -0.419922
1.77299 -0.410156

1.77299 -0.410156
1.77145 -0.400391

1.77145 -0.400391
1.76986 -0.390625

1.75781 -0.325097
1.75525 -0.3125

1.76758 -0.37705
1.76654 -0.371094

1.76986 -0.390625
1.76821 -0.380859

1.76758 -0.37748
1.76817 -0.380859

1.76652 -0.371094
1.76477 -0.361328

1.76477 -0.361328
1.76296 -0.351562

1.76296 -0.351562
1.76111 -0.341797

1.76111 -0.341797
1.7592 -0.332031

1.75781 -0.325079
1.75921 -0.332031

1.71875 -0.165266
1.71617 -0.15625

1.71616 -0.15625
1.71328 -0.146484

1.71328 -0.146484
1.71036 -0.136719

1.70898 -0.132134
1.70741 -0.126953

1.70739 -0.126953
1.70437 -0.117188

1.70898 -0.132244
1.71035 -0.136719

1.69922 -0.100785
1.69822 -0.0976562

1.69818 -0.0976562
1.695 -0.0878906

1.695 -0.0878906
1.69177 -0.078125

1.70437 -0.117188
1.7013 -0.107422

1.69922 -0.100978
1.70128 -0.107422

1.67969 -0.0428817
1.67835 -0.0390625

1.67832 -0.0390625
1.67483 -0.0292969

1.67483 -0.0292969
1.67128 -0.0195312

1.66992 -0.0157939
1.6677 -0.00976562

1.66769 -0.00976562
1.66404 0

1.66992 -0.0158856
1.67126 -0.0195312

1.68945 -0.0711466
1.68852 -0.0683594

1.68848 -0.0683594
1.68515 -0.0585938

1.68945 -0.0712855
1.69175 -0.078125

1.68515 -0.0585938
1.68176 -0.0488281

1.67969 -0.043003
1.68174 -0.0488281

1.75523 -0.3125
1.75317 -0.302734

1.75317 -0.302734
1.75105 -0.292969

1.74805 -0.279493
1.74667 -0.273438

1.75105 -0.292969
1.74888 -0.283203

1.74805 -0.279626
1.74886 -0.283203

1.73828 -0.238201
1.73734 -0.234375

1.74666 -0.273438
1.74439 -0.263672

1.74439 -0.263672
1.74208 -0.253906

1.74208 -0.253906
1.73972 -0.244141

1.73828 -0.238404
1.7397 -0.244141

1.73731 -0.234375
1.73484 -0.224609

1.73484 -0.224609
1.73232 -0.214844

1.72852 -0.200346
1.72717 -0.195312

1.73232 -0.214844
1.72976 -0.205078

1.72852 -0.200575
1.72972 -0.205078

1.72714 -0.195312
1.72447 -0.185547

1.72447 -0.185547
1.72175 -0.175781

1.72175 -0.175781
1.71898 -0.166016

1.71875 -0.165287
1.71896 -0.166016

0.253906 1.24959
0.25089 1.25

0.253906 1.24959
0.263672 1.24819

0.263672 1.24819
0.273438 1.24672

0.273438 1.24672
0.283203 1.24518

0.283203 1.24518
0.292969 1.24359

0.292969 1.24359
0.302734 1.24192

0.3125 1.24019
0.312226 1.24023

0.302734 1.24192
0.31223 1.24023

0.3125 1.24019
0.322266 1.23838

0.322266 1.23838
0.332031 1.23651

0.332031 1.23651
0.341797 1.23457

0.341797 1.23457
0.351562 1.23256

0.371094 1.22831
0.361333 1.23047

0.351562 1.23256
0.361328 1.23047

0.371094 1.22831
0.380859 1.22607

0.380859 1.22607
0.390625 1.22377

0.390625 1.22377
0.400391 1.22139

0.410156 1.21894
0.403134 1.2207

0.400391 1.22139
0.403135 1.2207

0.410156 1.21894
0.419922 1.21642

0.419922 1.21643
0.429688 1.21384

0.449219 1.20843
0.440283 1.21094

0.449219 1.20843
0.458984 1.20562

0.458984 1.20562
0.46875 1.20274

0.429688 1.21385
0.440235 1.21094

0.478516 1.19979
0.473944 1.20117

0.46875 1.20274
0.473958 1.20117

0.478516 1.19979
0.488281 1.19677

0.507812 1.19051
0.505066 1.19141

0.488281 1.19677
0.498047 1.19368

0.498047 1.19368
0.505042 1.19141

0.507812 1.19051
0.517578 1.18726

0.517578 1.18726
0.527344 1.18394

0.537109 1.18054
0.533952 1.18164

0.527344 1.18394
0.533949 1.18164

0.537109 1.18054
0.546875 1.17707

0.566406 1.1699
0.561086 1.17188

0.566406 1.16989
0.576172 1.16619

0.576172 1.16619
0.585938 1.16242

0.595703 1.15857
0.586717 1.16211

0.585938 1.16242
0.586719 1.16211

0.595703 1.15857
0.605469 1.15465

0.615234 1.15066
0.611112 1.15234

0.615234 1.15065
0.625 1.14657

0.605469 1.15464
0.611084 1.15234

0.546875 1.17709
0.561076 1.17188

0.742188 1.09139
0.737582 1.09375

0.742188 1.09136
0.751953 1.08623

0.761719 1.08101
0.756158 1.08398

0.751953 1.08622
0.756142 1.08398

0.78125 1.07032
0.774183 1.07422

0.761719 1.08101
0.771484 1.0757

0.771484 1.07569
0.774148 1.07422

0.664062 1.12949
0.656604 1.13281

0.634766 1.14241
0.634377 1.14258

0.625 1.14657
0.634376 1.14258

0.634766 1.14241
0.644531 1.13818

0.644531 1.13817
0.654297 1.13386

0.654297 1.13384
0.656589 1.13281

0.664062 1.12947
0.673828 1.12499

0.683594 1.12044
0.678007 1.12305

0.673828 1.12499
0.677995 1.12305

0.703125 1.11109
0.698601 1.11328

0.683594 1.12044
0.693359 1.1158

0.693359 1.11579
0.698559 1.11328

0.703125 1.11108
0.712891 1.10628

0.722656 1.10139
0.718419 1.10352

0.712891 1.10627
0.718396 1.10352

0.722656 1.10139
0.732422 1.09642

0.732422 1.09641
0.737556 1.09375

0.820312 1.04788
0.808656 1.05469

0.78125 1.07031
0.791016 1.06483

0.800781 1.05926
0.791672 1.06445

0.791016 1.06482
0.79167 1.06445

0.800781 1.05926
0.80868 1.05469

0.830078 1.04203
0.825243 1.04492

0.820312 1.04785
0.825221 1.04492

0.830078 1.04203
0.839844 1.03611

0.849609 1.0301
0.841388 1.03516

0.859375 1.02402
0.857161 1.02539

0.849609 1.03009
0.857131 1.02539

0.839844 1.0361
0.841397 1.03516

0.878906 1.01151
0.872526 1.01562

0.888672 1.00513
0.887538 1.00586

0.878906 1.0115
0.887522 1.00586

0.888672 1.00511
0.898438 0.998621

0.9375 0.97175
0.930557 0.976562

0.908203 0.992049
0.902204 0.996094

0.917969 0.985385
0.916565 0.986328

0.908203 0.992033
0.91654 0.986328

0.898438 0.998597
0.902169 0.996094

0.917969 0.985353
0.927734 0.978574

0.927734 0.978523
0.930581 0.976562

0.859375 1.02399
0.869141 1.0178

0.869141 1.01777
0.872485 1.01562

0.986328 0.935861
0.984136 0.9375

0.986328 0.935835
0.996094 0.928348

1.01562 0.913058
1.00939 0.917969

1.00586 0.920756
0.996884 0.927734

0.996094 0.928344
0.996887 0.927734

1.00586 0.920732
1.00942 0.917969

1.09375 0.847314
1.07998 0.859375

1.03516 0.897328
1.03379 0.898438

1.03516 0.897307
1.04492 0.889259

1.05469 0.881096
1.04562 0.888672

1.04492 0.889251
1.04562 0.888672

1.02539 0.905298
1.02172 0.908203

1.01562 0.913018
1.02167 0.908203

1.02539 0.905236
1.03376 0.898438

1.06445 0.872821
1.05727 0.878906

1.07422 0.864494
1.06873 0.869141

1.06445 0.872745
1.06871 0.869141

1.05469 0.881087
1.05728 0.878906

1.07422 0.8644
1.08008 0.859375

1.17188 0.773242
1.16384 0.78125

1.25 0.690083
1.23847 0.703125

1.21094 0.732886
1.20217 0.742188

1.19141 0.753353
1.18328 0.761719

1.18164 0.763366
1.17363 0.771484

1.17188 0.77323
1.17361 0.771484

1.18164 0.76337
1.18326 0.761719

1.20117 0.743203
1.19278 0.751953

1.19141 0.75335
1.19276 0.751953

1.20117 0.743221
1.20216 0.742188

1.2207 0.722463
1.22052 0.722656

1.23047 0.711853
1.22952 0.712891

1.2207 0.722458
1.22952 0.712891

1.22052 0.722656
1.2114 0.732422

1.21094 0.732906
1.21139 0.732422

1.23047 0.711849
1.2384 0.703125

1.13281 0.811337
1.12321 0.820312

1.10352 0.838464
1.10199 0.839844

1.11328 0.829544
1.1127 0.830078

1.10352 0.838456
1.11269 0.830078

1.09375 0.847248
1.10198 0.839844

1.11328 0.829535
1.12305 0.820487

1.12305 0.820458
1.1232 0.820312

1.15234 0.792561
1.14383 0.800781

1.14258 0.802
1.13361 0.810547

1.13281 0.811296
1.1336 0.810547

1.14258 0.801975
1.14382 0.800781

1.16211 0.782984
1.1539 0.791016

1.15234 0.792518
1.15388 0.791016

1.16211 0.782944
1.16382 0.78125

0.947266 0.964776
0.944377 0.966797

0.9375 0.971685
0.944344 0.966797

0.947266 0.964724
0.957031 0.957652

0.966797 0.950482
0.957878 0.957031

0.976562 0.94321
0.971105 0.947266

0.966797 0.950469
0.971155 0.947266

0.957031 0.957648
0.957884 0.957031

0.976562 0.943156
0.984196 0.9375

0 1.26178
0.00976562 1.26219

0.00976562 1.26219
0.0195312 1.26252

0.0195312 1.26252
0.0292969 1.26278

0.0292969 1.26278
0.0390625 1.26298

0.0390625 1.26298
0.0488281 1.2631

0.0488281 1.2631
0.0585938 1.26315

0.0585938 1.26315
0.0683594 1.26314

0.0683594 1.26314
0.078125 1.26305

0.078125 1.26305
0.0878906 1.26289

0.0878906 1.26289
0.0976562 1.26266

0.0976562 1.26266
0.107422 1.26237

0.107422 1.26237
0.117188 1.262

0.117188 1.262
0.126953 1.26156

0.126953 1.26156
0.136719 1.26106

0.136719 1.26106
0.146484 1.26048

0.146484 1.26048
0.15625 1.25984

0.166016 1.25913
0.157256 1.25977

0.15625 1.25984
0.157269 1.25977

0.166016 1.25913
0.175781 1.25834

0.175781 1.25834
0.185547 1.25749

0.185547 1.25749
0.195312 1.25657

0.195312 1.25657
0.205078 1.25558

0.205078 1.25558
0.214844 1.25452

0.214844 1.25452
0.224609 1.25339

0.224609 1.25339
0.234375 1.25219

0.234375 1.25219
0.244141 1.25093

0.244141 1.25093
0.250907 1.25

1.5625 0.229966
1.56027 0.234375

1.52344 0.303185
1.51825 0.3125

1.54297 0.267407
1.53975 0.273438

1.55273 0.248877
1.55011 0.253906

1.56022 0.234375
1.55519 0.244141

1.55273 0.248808
1.55517 0.244141

1.55009 0.253906
1.54494 0.263672

1.54297 0.267293
1.5449 0.263672

1.5332 0.2855
1.52912 0.292969

1.53973 0.273438
1.53445 0.283203

1.5332 0.285406
1.53441 0.283203

1.52911 0.292969
1.5237 0.302734

1.52344 0.303192
1.52369 0.302734

1.30859 0.621197
1.30554 0.625

1.32812 0.596818
1.32127 0.605469

1.31836 0.609103
1.31346 0.615234

1.30859 0.621199
1.3134 0.615234

1.31836 0.609082
1.32121 0.605469

1.36719 0.545835
1.36642 0.546875

1.40625 0.491477
1.39481 0.507812

1.38672 0.519116
1.38078 0.527344

1.37695 0.532597
1.37367 0.537109

1.36719 0.54582
1.37363 0.537109

1.37695 0.532535
1.38074 0.527344

1.39479 0.507812
1.38782 0.517578

1.38672 0.519062
1.38777 0.517578

1.33789 0.584358
1.33667 0.585938

1.34766 0.571668
1.34425 0.576172

1.33789 0.584345
1.34422 0.576172

1.35742 0.558867
1.35171 0.566406

1.36641 0.546875
1.3591 0.556641

1.35742 0.558828
1.35905 0.556641

1.34766 0.571704
1.35169 0.566406

1.33666 0.585938
1.32901 0.595703

1.32812 0.596799
1.32899 0.595703

1.48438 0.370707
1.48415 0.371094

1.47461 0.386821
1.47228 0.390625

1.48414 0.371094
1.47823 0.380859

1.47461 0.386728
1.4782 0.380859

1.42578 0.46286
1.42183 0.46875

1.43555 0.44814
1.43485 0.449219

1.44531 0.433255
1.44129 0.439453

1.43555 0.448157
1.44126 0.439453

1.43485 0.449219
1.42837 0.458984

1.42578 0.462798
1.42833 0.458984

1.46484 0.402558
1.46008 0.410156

1.45508 0.418039
1.4539 0.419922

1.45387 0.419922
1.4476 0.429688

1.45508 0.418013
1.46006 0.410156

1.47224 0.390625
1.46619 0.400391

1.46484 0.402489
1.46615 0.400391

1.44531 0.433167
1.44753 0.429688

1.50391 0.337602
1.50148 0.341797

1.50147 0.341797
1.49576 0.351562

1.51367 0.320585
1.51272 0.322266

1.51271 0.322266
1.50712 0.332031

1.51367 0.320561
1.51824 0.3125

1.50391 0.337575
1.50711 0.332031

1.49414 0.354312
1.48999 0.361328

1.48438 0.370701
1.48998 0.361328

1.49414 0.354262
1.49574 0.351562

1.41602 0.477275
1.41519 0.478516

1.41517 0.478516
1.40846 0.488281

1.41602 0.477272
1.42181 0.46875

1.40625 0.491473
1.40844 0.488281

1.64062 0.0596467
1.63296 0.078125

1.60156 0.1494
1.59842 0.15625

1.62109 0.105842
1.62041 0.107422

1.6204 0.107422
1.61611 0.117188

1.63086 0.0830827
1.62883 0.0878906

1.62882 0.0878906
1.62463 0.0976562

1.63086 0.0830448
1.63294 0.078125

1.62109 0.105813
1.62463 0.0976562

1.61133 0.127921
1.60736 0.136719

1.61611 0.117188
1.61176 0.126953

1.61133 0.127875
1.61174 0.126953

1.60736 0.136719
1.6029 0.146484

1.60156 0.149297
1.60286 0.146484

1.66016 0.0102629
1.6566 0.0195312

1.65039 0.0354573
1.64897 0.0390625

1.65659 0.0195312
1.65279 0.0292969

1.65039 0.0353023
1.65276 0.0292969

1.66404 0
1.66035 0.00976562

1.66016 0.010232
1.66034 0.00976562

1.64893 0.0390625
1.64501 0.0488281

1.64501 0.0488281
1.64104 0.0585938

1.64062 0.0595896
1.64103 0.0585938

1.58203 0.190735
1.57981 0.195312

1.5918 0.170313
1.58921 0.175781

1.59839 0.15625
1.59382 0.166016

1.5918 0.170254
1.5938 0.166016

1.5892 0.175781
1.58452 0.185547

1.58203 0.190606
1.58449 0.185547

1.57227 0.210618
1.57016 0.214844

1.57978 0.195312
1.57498 0.205078

1.57227 0.210463
1.57495 0.205078

1.57012 0.214844
1.5652 0.224609

1.5625 0.229852
1.56517 0.224609

1.28906 0.644905
1.27282 0.664062

1.25977 0.679108
1.25588 0.683594

1.26953 0.667793
1.26438 0.673828

1.25977 0.679082
1.26427 0.673828

1.25 0.690235
1.25582 0.683594

1.26953 0.667864
1.27278 0.664062

1.29883 0.633139
1.29749 0.634766

1.29748 0.634766
1.28935 0.644531

1.29883 0.633119
1.3055 0.625

1.28906 0.644866
1.28934 0.644531

