-1.25 -0.246943
-1.2505 -0.244141

-1.2505 -0.244141
-1.25218 -0.234375

-1.25218 -0.234375
-1.25379 -0.224609

-1.25379 -0.224609
-1.25531 -0.214844

-1.25531 -0.214844
-1.25676 -0.205078

-1.25676 -0.205078
-1.25813 -0.195312

-1.25977 -0.182825
-1.26064 -0.175781

-1.25813 -0.195312
-1.25943 -0.185547

-1.25977 -0.182828
-1.25943 -0.185547

-1.26065 -0.175781
-1.26179 -0.166016

-1.26179 -0.166016
-1.26286 -0.15625

-1.26286 -0.15625
-1.26385 -0.146484

-1.26385 -0.146484
-1.26477 -0.136719

-1.26477 -0.136719
-1.26561 -0.126953

-1.26561 -0.126953
-1.26638 -0.117188

-1.26638 -0.117188
-1.26707 -0.107422

-1.26707 -0.107422
-1.26769 -0.0976562

-1.26769 -0.0976562
-1.26824 -0.0878906

-1.26824 -0.0878906
-1.26871 -0.078125

-1.26953 -0.054948
-1.26969 -0.0488281

-1.26969 -0.0488281
-1.26987 -0.0390625

-1.26871 -0.078125
-1.26911 -0.0683594

-1.26911 -0.0683594
-1.26944 -0.0585938

-1.26953 -0.0549847
-1.26944 -0.0585938

-1.26987 -0.0390625
-1.26997 -0.0292969

-1.26997 -0.0292969
-1.26999 -0.0195312

-1.26999 -0.0195312
-1.26995 -0.00976562

-1.26995 -0.00976562
-1.26982 0

-0.332031 -1.25128
-0.335683 -1.25

-0.332031 -1.25128
-0.322266 -1.25467

-0.322266 -1.25467
-0.3125 -1.25802

-0.302734 -1.26133
-0.307356 -1.25977

-0.3125 -1.25802
-0.307339 -1.25977

-0.302734 -1.26133
-0.292969 -1.26461

-0.273438 -1.27107
-0.2781 -1.26953

-0.292969 -1.26461
-0.283203 -1.26785

-0.283203 -1.26785
-0.278079 -1.26953

-0.273438 -1.27106
-0.263672 -1.27425

-0.263672 -1.27425
-0.253906 -1.27741

-0.244141 -1.28055
-0.248029 -1.2793

-0.253906 -1.27741
-0.248016 -1.2793

-0.244141 -1.28054
-0.234375 -1.28365

-0.214844 -1.2898
-0.217201 -1.28906

-0.214844 -1.2898
-0.205078 -1.29283

-0.205078 -1.29283
-0.195312 -1.29585

-0.234375 -1.28365
-0.224609 -1.28674

-0.224609 -1.28673
-0.217179 -1.28906

-0.185547 -1.29886
-0.185654 -1.29883

-0.195312 -1.29585
-0.18565 -1.29883

-0.185547 -1.29886
-0.175781 -1.30185

-0.175781 -1.30185
-0.166016 -1.30483

-0.166016 -1.30483
-0.15625 -1.3078

-0.0878906 -1.32839
-0.0887874 -1.32812

-0.0878906 -1.32839
-0.078125 -1.33132

-0.146484 -1.31075
-0.153624 -1.30859

-0.146484 -1.31075
-0.136719 -1.3137

-0.15625 -1.30779
-0.153603 -1.30859

-0.136719 -1.3137
-0.126953 -1.31664

-0.117188 -1.31959
-0.121277 -1.31836

-0.126953 -1.31663
-0.121232 -1.31836

-0.117188 -1.31959
-0.107422 -1.32253

-0.107422 -1.32252
-0.0976562 -1.32546

-0.0976562 -1.32546
-0.0887732 -1.32812

-0.078125 -1.33132
-0.0683594 -1.33424

-0.0683594 -1.33424
-0.0585938 -1.33717

-0.0488281 -1.34008
-0.0561698 -1.33789

-0.0585938 -1.33716
-0.0561596 -1.33789

-0.0488281 -1.34008
-0.0390625 -1.343

-0.0195312 -1.34884
-0.0235015 -1.34766

-0.0390625 -1.343
-0.0292969 -1.34591

-0.0292969 -1.3459
-0.023415 -1.34766

-0.0195312 -1.34883
-0.00976562 -1.35175

-0.00976562 -1.35175
0 -1.35468

-1.09375 -0.668934
-1.09665 -0.664062

-1.11328 -0.634849
-1.11333 -0.634766

-1.11333 -0.634766
-1.11866 -0.625

-1.10352 -0.652204
-1.10789 -0.644531

-1.09664 -0.664062
-1.10232 -0.654297

-1.10352 -0.652193
-1.10232 -0.654297

-1.11328 -0.634852
-1.10788 -0.644531

-1.01562 -0.784851
-1.0183 -0.78125

-0.947266 -0.867139
-0.954246 -0.859375

-0.9375 -0.877763
-0.945446 -0.869141

-0.947266 -0.867132
-0.945442 -0.869141

-0.986328 -0.82192
-0.987643 -0.820312

-0.976562 -0.833655
-0.979544 -0.830078

-0.986328 -0.821912
-0.979567 -0.830078

-0.996094 -0.809883
-1.00332 -0.800781

-1.00586 -0.797529
-1.01092 -0.791016

-1.01562 -0.784834
-1.01092 -0.791016

-1.00586 -0.797474
-1.00331 -0.800781

-0.987651 -0.820312
-0.995567 -0.810547

-0.996094 -0.80988
-0.995563 -0.810547

-0.966797 -0.845111
-0.971264 -0.839844

-0.957031 -0.856267
-0.962844 -0.849609

-0.966797 -0.84506
-0.962896 -0.849609

-0.976562 -0.833612
-0.971328 -0.839844

-0.957031 -0.856239
-0.95426 -0.859375

-1.05469 -0.730395
-1.05991 -0.722656

-1.06445 -0.715783
-1.06634 -0.712891

-1.06635 -0.712891
-1.07267 -0.703125

-1.06445 -0.715764
-1.0599 -0.722656

-1.04492 -0.744605
-1.04657 -0.742188

-1.03516 -0.75839
-1.03976 -0.751953

-1.04492 -0.744577
-1.03975 -0.751953

-1.02539 -0.77181
-1.02563 -0.771484

-1.02563 -0.771484
-1.03277 -0.761719

-1.02539 -0.771808
-1.01835 -0.78125

-1.03516 -0.758329
-1.03277 -0.761719

-1.04659 -0.742188
-1.05331 -0.732422

-1.05469 -0.730321
-1.0533 -0.732422

-1.08398 -0.685091
-1.0849 -0.683594

-1.07422 -0.700682
-1.07886 -0.693359

-1.08398 -0.685083
-1.07885 -0.693359

-1.08491 -0.683594
-1.09084 -0.673828

-1.09375 -0.668913
-1.09083 -0.673828

-1.07422 -0.700657
-1.07266 -0.703125

-0.869141 -0.945726
-0.877994 -0.9375

-0.859375 -0.9546
-0.867456 -0.947266

-0.869141 -0.94573
-0.867464 -0.947266

-0.78125 -1.01931
-0.786095 -1.01562

-0.830078 -0.980107
-0.834299 -0.976562

-0.820312 -0.9883
-0.8227 -0.986328

-0.830078 -0.980141
-0.822676 -0.986328

-0.849609 -0.963276
-0.856677 -0.957031

-0.839844 -0.971764
-0.845653 -0.966797

-0.849609 -0.963308
-0.845592 -0.966797

-0.859375 -0.954612
-0.856665 -0.957031

-0.839844 -0.97185
-0.834241 -0.976562

-0.810547 -0.996307
-0.81081 -0.996094

-0.810547 -0.996305
-0.800781 -1.00414

-0.820312 -0.988306
-0.810806 -0.996094

-0.791016 -1.01182
-0.798593 -1.00586

-0.800781 -1.00416
-0.798613 -1.00586

-0.791016 -1.01185
-0.786083 -1.01562

-0.664062 -1.09908
-0.672772 -1.09375

-0.654297 -1.10493
-0.656662 -1.10352

-0.664062 -1.09908
-0.65667 -1.10352

-0.654297 -1.10494
-0.644531 -1.11069

-0.634766 -1.11633
-0.640043 -1.11328

-0.634766 -1.11634
-0.625 -1.12189

-0.644531 -1.1107
-0.640069 -1.11328

-0.771484 -1.02672
-0.773279 -1.02539

-0.78125 -1.01935
-0.77325 -1.02539

-0.771484 -1.02673
-0.761719 -1.03396

-0.751953 -1.04105
-0.760068 -1.03516

-0.742188 -1.04799
-0.746521 -1.04492

-0.751953 -1.04106
-0.746528 -1.04492

-0.761719 -1.03398
-0.760088 -1.03516

-0.732422 -1.05482
-0.732618 -1.05469

-0.732422 -1.05482
-0.722656 -1.06151

-0.703125 -1.0745
-0.703571 -1.07422

-0.712891 -1.06806
-0.718264 -1.06445

-0.722656 -1.06152
-0.718288 -1.06445

-0.712891 -1.06807
-0.703562 -1.07422

-0.742188 -1.048
-0.732614 -1.05469

-0.703125 -1.07451
-0.693359 -1.08082

-0.683594 -1.08701
-0.688366 -1.08398

-0.693359 -1.08083
-0.688392 -1.08398

-0.683594 -1.08702
-0.673828 -1.09311

-0.673828 -1.09312
-0.67278 -1.09375

-0.908204 -0.908203
-0.917829 -0.898438

-0.908203 -0.908204
-0.898438 -0.917896

-0.927734 -0.888145
-0.936444 -0.878906

-0.917969 -0.89829
-0.927239 -0.888672

-0.927734 -0.888146
-0.927234 -0.888672

-0.9375 -0.877763
-0.936436 -0.878906

-0.917969 -0.89829
-0.917825 -0.898438

-0.888672 -0.927376
-0.898361 -0.917969

-0.878906 -0.936652
-0.888293 -0.927734

-0.888672 -0.927375
-0.888297 -0.927734

-0.898438 -0.917895
-0.898362 -0.917969

-0.878906 -0.936652
-0.878003 -0.9375

-1.17188 -0.513405
-1.17421 -0.507812

-1.18164 -0.489318
-1.18205 -0.488281

-1.1742 -0.507812
-1.17817 -0.498047

-1.18164 -0.489315
-1.17817 -0.498047

-1.18205 -0.488281
-1.18583 -0.478516

-1.18583 -0.478516
-1.18952 -0.46875

-1.13281 -0.597975
-1.13397 -0.595703

-1.13397 -0.595703
-1.13886 -0.585938

-1.15234 -0.557778
-1.15288 -0.556641

-1.15287 -0.556641
-1.15734 -0.546875

-1.14258 -0.578336
-1.14364 -0.576172

-1.14363 -0.576172
-1.14831 -0.566406

-1.14258 -0.578328
-1.13885 -0.585938

-1.15234 -0.557774
-1.14831 -0.566406

-1.12305 -0.616787
-1.12388 -0.615234

-1.12387 -0.615234
-1.12898 -0.605469

-1.12305 -0.616781
-1.11866 -0.625

-1.13281 -0.597965
-1.12898 -0.605469

-1.16211 -0.536181
-1.16597 -0.527344

-1.15734 -0.546875
-1.1617 -0.537109

-1.16211 -0.536178
-1.1617 -0.537109

-1.16597 -0.527344
-1.17013 -0.517578

-1.17188 -0.51339
-1.17013 -0.517578

-1.21094 -0.406381
-1.21282 -0.400391

-1.21282 -0.400391
-1.21579 -0.390625

-1.19141 -0.463641
-1.19312 -0.458984

-1.19312 -0.458984
-1.19663 -0.449219

-1.20117 -0.436134
-1.20337 -0.429688

-1.19663 -0.449219
-1.20004 -0.439453

-1.20117 -0.436124
-1.20004 -0.439453

-1.19141 -0.463631
-1.18952 -0.46875

-1.20337 -0.429688
-1.2066 -0.419922

-1.2066 -0.419922
-1.20975 -0.410156

-1.21094 -0.406372
-1.20975 -0.410156

-1.2207 -0.373841
-1.22149 -0.371094

-1.21579 -0.390625
-1.21869 -0.380859

-1.2207 -0.373836
-1.21868 -0.380859

-1.22149 -0.371094
-1.22421 -0.361328

-1.22421 -0.361328
-1.22685 -0.351562

-1.23047 -0.337605
-1.23188 -0.332031

-1.23188 -0.332031
-1.23427 -0.322266

-1.23427 -0.322266
-1.23658 -0.3125

-1.22685 -0.351562
-1.22941 -0.341797

-1.23047 -0.337603
-1.22941 -0.341797

-1.24023 -0.296228
-1.24095 -0.292969

-1.23658 -0.3125
-1.2388 -0.302734

-1.24023 -0.296221
-1.2388 -0.302734

-1.24095 -0.292969
-1.24302 -0.283203

-1.24302 -0.283203
-1.245 -0.273438

-1.245 -0.273438
-1.24691 -0.263672

-1.24691 -0.263672
-1.24875 -0.253906

-1.25 -0.24694
-1.24875 -0.253906

-0.595703 -1.13794
-0.605229 -1.13281

-0.585938 -1.1431
-0.586924 -1.14258

-0.595703 -1.13794
-0.586925 -1.14258

-0.615234 -1.12733
-0.622917 -1.12305

-0.625 -1.12189
-0.622929 -1.12305

-0.615234 -1.12733
-0.605469 -1.13268

-0.605469 -1.13268
-0.60523 -1.13281

-0.566406 -1.15315
-0.567987 -1.15234

-0.585938 -1.1431
-0.576172 -1.14817

-0.576172 -1.14817
-0.567991 -1.15234

-0.566406 -1.15315
-0.556641 -1.15805

-0.546875 -1.16285
-0.548388 -1.16211

-0.556641 -1.15805
-0.54839 -1.16211

-0.527344 -1.17223
-0.528091 -1.17188

-0.527344 -1.17223
-0.517578 -1.1768

-0.517578 -1.1768
-0.507812 -1.18129

-0.498047 -1.18571
-0.50704 -1.18164

-0.507812 -1.18129
-0.507043 -1.18164

-0.498047 -1.18571
-0.488281 -1.19006

-0.478516 -1.19433
-0.485194 -1.19141

-0.478516 -1.19433
-0.46875 -1.19854

-0.488281 -1.19006
-0.4852 -1.19141

-0.546875 -1.16285
-0.537109 -1.16758

-0.537109 -1.16758
-0.528091 -1.17188

-0.429688 -1.21472
-0.43903 -1.21094

-0.458984 -1.20268
-0.462536 -1.20117

-0.46875 -1.19854
-0.46254 -1.20117

-0.458984 -1.20268
-0.449219 -1.20675

-0.449219 -1.20675
-0.439453 -1.21077

-0.439453 -1.21077
-0.439031 -1.21094

-0.429688 -1.21472
-0.419922 -1.21861

-0.410156 -1.22245
-0.414593 -1.2207

-0.419922 -1.21861
-0.414585 -1.2207

-0.410156 -1.22244
-0.400391 -1.22623

-0.400391 -1.22623
-0.390625 -1.22995

-0.380859 -1.23363
-0.389259 -1.23047

-0.380859 -1.23363
-0.371094 -1.23726

-0.390625 -1.22995
-0.389254 -1.23047

-0.361328 -1.24084
-0.362987 -1.24023

-0.371094 -1.23726
-0.362984 -1.24023

-0.361328 -1.24084
-0.351562 -1.24437

-0.351562 -1.24437
-0.341797 -1.24785

-0.341797 -1.24785
-0.335689 -1.25

-1.26983 0
-1.26963 0.00976562

-1.26963 0.00976562
-1.26953 0.0134112

-1.26953 0.0133752
-1.26936 0.0195312

-1.26936 0.0195312
-1.26902 0.0292969

-1.26902 0.0292969
-1.2686 0.0390625

-1.2686 0.0390625
-1.2681 0.0488281

-1.2681 0.0488281
-1.26753 0.0585938

-1.26753 0.0585938
-1.26689 0.0683594

-1.26689 0.0683594
-1.26617 0.078125

-1.26617 0.078125
-1.26538 0.0878906

-1.26538 0.0878906
-1.26451 0.0976562

-1.26451 0.0976562
-1.26356 0.107422

-1.26356 0.107422
-1.26254 0.117188

-1.26254 0.117188
-1.26145 0.126953

-1.26145 0.126953
-1.26028 0.136719

-1.26028 0.136719
-1.25977 0.140739

-1.25977 0.140741
-1.25903 0.146484

-1.25903 0.146484
-1.25771 0.15625

-1.25771 0.15625
-1.25631 0.166016

-1.25631 0.166016
-1.25484 0.175781

-1.25484 0.175781
-1.25329 0.185547

-1.25329 0.185547
-1.25166 0.195312

-1.25167 0.195312
-1.25 0.204858

-1.25 0.204855
-1.24996 0.205078

-1.24996 0.205078
-1.24818 0.214844

-1.24818 0.214844
-1.24632 0.224609

-1.24632 0.224609
-1.24439 0.234375

-1.24439 0.234375
-1.24237 0.244141

-1.24237 0.244141
-1.24028 0.253906

-1.24028 0.253906
-1.24023 0.254121

-1.24023 0.254119
-1.23811 0.263672

-1.23811 0.263672
-1.23587 0.273438

-1.23587 0.273438
-1.23354 0.283203

-1.23354 0.283203
-1.23114 0.292969

-1.23114 0.292969
-1.23047 0.295591

-1.23047 0.295602
-1.22865 0.302734

-1.22865 0.302734
-1.22608 0.3125

-1.22608 0.3125
-1.22344 0.322266

-1.22344 0.322266
-1.2207 0.332031

-1.2207 0.332034
-1.21789 0.341797

-1.21789 0.341797
-1.21499 0.351562

-1.21499 0.351562
-1.21201 0.361328

-1.21201 0.361328
-1.21094 0.364747

-1.21094 0.364763
-1.20895 0.371094

-1.20895 0.371094
-1.2058 0.380859

-1.2058 0.380859
-1.20257 0.390625

-1.20256 0.390625
-1.20117 0.394723

-1.20117 0.394734
-1.19925 0.400391

-1.19925 0.400391
-1.19584 0.410156

-1.19584 0.410156
-1.19235 0.419922

-1.19235 0.419922
-1.19141 0.422499

-1.19141 0.422512
-1.18878 0.429688

-1.18878 0.429688
-1.18511 0.439453

-1.18511 0.439453
-1.18164 0.448464

-1.18164 0.448467
-1.18135 0.449219

-1.18135 0.449219
-1.1775 0.458984

-1.1775 0.458984
-1.17356 0.46875

-1.17356 0.46875
-1.17188 0.472832

-1.17188 0.472851
-1.16954 0.478516

-1.16953 0.478516
-1.16541 0.488281

-1.16541 0.488281
-1.16211 0.495919

-1.16211 0.495929
-1.16119 0.498047

-1.16119 0.498047
-1.15688 0.507812

-1.15688 0.507812
-1.15247 0.517578

-1.15247 0.517578
-1.15234 0.517848

-1.15234 0.517849
-1.14796 0.527344

-1.14796 0.527344
-1.14335 0.537109

-1.14335 0.537109
-1.14258 0.538709

-1.14258 0.538718
-1.13865 0.546875

-1.13864 0.546875
-1.13383 0.556641

-1.13383 0.556641
-1.13281 0.558662

-1.13281 0.558677
-1.12892 0.566406

-1.12892 0.566406
-1.12391 0.576172

-1.1239 0.576172
-1.12305 0.577802

-1.12305 0.577812
-1.11878 0.585938

-1.11878 0.585938
-1.11356 0.595703

-1.11355 0.595703
-1.11328 0.596206

-1.11328 0.596206
-1.10822 0.605469

-1.10822 0.605469
-1.10352 0.613897

-1.10352 0.613906
-1.10278 0.615234

-1.10277 0.615234
-1.09721 0.625

-1.09721 0.625
-1.09375 0.63095

-1.09375 0.630977
-1.09155 0.634766

-1.09154 0.634766
-1.08575 0.644531

-1.08574 0.644531
-1.08398 0.647446

-1.08398 0.647465
-1.07985 0.654297

-1.07985 0.654297
-1.07422 0.66343

-1.07422 0.663431
-1.07384 0.664062

-1.07383 0.664062
-1.06769 0.673828

-1.06768 0.673828
-1.06445 0.678854

-1.06445 0.678889
-1.06144 0.683594

-1.06142 0.683594
-1.05504 0.693359

-1.05501 0.693359
-1.05469 0.693855

-1.05469 0.693845
-1.04856 0.703125

-1.04852 0.703125
-1.04492 0.708411

-1.04492 0.708441
-1.0419 0.712891

-1.04189 0.712891
-1.03516 0.722593

-1.03516 0.722591
-1.03511 0.722656

-1.03511 0.722656
-1.02821 0.732422

-1.02819 0.732422
-1.02539 0.736351

-1.02539 0.736334
-1.02117 0.742188

-1.02116 0.742188
-1.01562 0.749723

-1.01562 0.749746
-1.01402 0.751953

-1.01399 0.751953
-1.00668 0.761719

-1.00667 0.761719
-1.00586 0.762801

-1.00586 0.762786
-0.999216 0.771484

-0.999184 0.771484
-0.996094 0.775542

-0.996094 0.775487
-0.991619 0.78125

-0.991597 0.78125
-0.986328 0.787893

-0.986328 0.787922
-0.983891 0.791016

-0.983856 0.791016
-0.976562 0.800016

-0.976562 0.800024
-0.975946 0.800781

-0.975944 0.800781
-0.967872 0.810547

-0.967866 0.810547
-0.966797 0.811828

-0.966797 0.811822
-0.95964 0.820312

-0.959617 0.820312
-0.957031 0.823358

-0.957031 0.823338
-0.95126 0.830078

-0.951213 0.830078
-0.947266 0.834646

-0.947266 0.834594
-0.942704 0.839844

-0.942644 0.839844
-0.9375 0.845687

-0.9375 0.845625
-0.93394 0.849609

-0.933906 0.849609
-0.927734 0.856457

-0.927734 0.85641
-0.925019 0.859375

-0.925003 0.859375
-0.917969 0.866978

-0.917969 0.866958
-0.915923 0.869141

-0.915911 0.869141
-0.908203 0.877281

-0.908203 0.877268
-0.906633 0.878906

-0.906625 0.878906
-0.898438 0.887369

-0.898438 0.887362
-0.887488 0.898438

-0.88748 0.898438
-0.878906 0.906897

-0.878906 0.906917
-0.877592 0.908203

-0.877592 0.908203
-0.869141 0.916374

-0.869141 0.916385
-0.86749 0.917969

-0.867501 0.917969
-0.859375 0.925661

-0.859375 0.925743
-0.846572 0.9375

-0.8467 0.9375
-0.839844 0.943687

-0.839844 0.943724
-0.83588 0.947266

-0.835898 0.947266
-0.830078 0.952385

-0.830078 0.952464
-0.82483 0.957031

-0.824887 0.957031
-0.820312 0.960994

-0.820312 0.961034
-0.81359 0.966797

-0.813617 0.966797
-0.810547 0.969408

-0.810547 0.969427
-0.802097 0.976562

-0.802103 0.976562
-0.800781 0.977667

-0.800781 0.977673
-0.791016 0.985761

-0.791016 0.985758
-0.790316 0.986328

-0.790316 0.986328
-0.78125 0.993691

-0.78125 0.993685
-0.778207 0.996094

-0.778245 0.996094
-0.771484 1.00147

-0.771484 1.00149
-0.765864 1.00586

-0.765893 1.00586
-0.761719 1.00904

-0.761719 1.0091
-0.753202 1.01562

-0.753203 1.01562
-0.742188 1.02394

-0.742188 1.02392
-0.740181 1.02539

-0.740207 1.02539
-0.732422 1.03114

-0.732422 1.03114
-0.72687 1.03516

-0.726888 1.03516
-0.722656 1.03819

-0.722656 1.03821
-0.713213 1.04492

-0.713211 1.04492
-0.712891 1.04515

-0.712891 1.04515
-0.703125 1.05197

-0.703125 1.05198
-0.699059 1.05469

-0.699171 1.05469
-0.693359 1.05867

-0.693359 1.05865
-0.68473 1.06445

-0.684727 1.06445
-0.683594 1.06519

-0.683594 1.06521
-0.673828 1.07166

-0.673828 1.07165
-0.669861 1.07422

-0.66987 1.07422
-0.664062 1.07798

-0.664062 1.07797
-0.654598 1.08398

-0.654596 1.08398
-0.654297 1.08417

-0.654297 1.08418
-0.644531 1.09026

-0.644531 1.09026
-0.638818 1.09375

-0.638822 1.09375
-0.634766 1.09623

-0.634766 1.09623
-0.625 1.10208

-0.625 1.10208
-0.622566 1.10352

-0.622569 1.10352
-0.615234 1.10783

-0.615234 1.10783
-0.605798 1.11328

-0.605797 1.11328
-0.605469 1.11347

-0.605469 1.11347
-0.595703 1.11901

-0.595703 1.119
-0.588431 1.12305

-0.588469 1.12305
-0.585938 1.12445

-0.585938 1.12446
-0.570489 1.13281

-0.570497 1.13281
-0.566406 1.135

-0.566406 1.13499
-0.556641 1.14012

-0.556641 1.14012
-0.551858 1.14258

-0.551858 1.14258
-0.546875 1.14514

-0.546875 1.14514
-0.537109 1.15007

-0.537109 1.15007
-0.532513 1.15234

-0.532518 1.15234
-0.527344 1.1549

-0.527344 1.1549
-0.517578 1.15964

-0.517578 1.15963
-0.512375 1.16211

-0.512404 1.16211
-0.507812 1.16429

-0.507812 1.16431
-0.491407 1.17188

-0.491399 1.17188
-0.488281 1.1733

-0.488281 1.17329
-0.478516 1.17766

-0.478516 1.17766
-0.469414 1.18164

-0.469411 1.18164
-0.46875 1.18193

-0.46875 1.18193
-0.458984 1.18612

-0.458984 1.18612
-0.449219 1.19021

-0.449219 1.19021
-0.446311 1.19141

-0.446304 1.19141
-0.439453 1.19422

-0.439453 1.19422
-0.429688 1.19813

-0.429688 1.19814
-0.42195 1.20117

-0.421945 1.20117
-0.419922 1.20197

-0.419922 1.20197
-0.410156 1.20572

-0.410156 1.20571
-0.400391 1.20938

-0.400391 1.20937
-0.396122 1.21094

-0.396124 1.21094
-0.390625 1.21298

-0.390625 1.21296
-0.380859 1.21646

-0.380859 1.21646
-0.371094 1.21988

-0.371094 1.21988
-0.36869 1.2207

-0.368683 1.2207
-0.361328 1.22322

-0.361328 1.22322
-0.351562 1.22648

-0.351562 1.22648
-0.341797 1.22966

-0.341797 1.22966
-0.339238 1.23047

-0.339238 1.23047
-0.332031 1.23276

-0.332031 1.23276
-0.322266 1.23578

-0.322266 1.23578
-0.3125 1.23874

-0.3125 1.23874
-0.307419 1.24023

-0.307415 1.24023
-0.302734 1.24161

-0.302734 1.24161
-0.292969 1.24442

-0.292969 1.24442
-0.283203 1.24715

-0.283203 1.24715
-0.273438 1.2498

-0.273438 1.24981
-0.272703 1.25

-0.272696 1.25
-0.263672 1.25238

-0.263672 1.25238
-0.253906 1.25489

-0.253906 1.25489
-0.244141 1.25732

-0.244141 1.25732
-0.234375 1.25968

-0.234375 1.25968
-0.234014 1.25977

-0.234008 1.25977
-0.224609 1.26197

-0.224609 1.26197
-0.214844 1.26418

-0.214844 1.26418
-0.205078 1.26632

-0.205078 1.26632
-0.195312 1.26839

-0.195312 1.26839
-0.189748 1.26953

-0.189718 1.26953
-0.185547 1.27038

-0.185547 1.27039
-0.175781 1.27231

-0.175781 1.27231
-0.166016 1.27417

-0.166016 1.27417
-0.15625 1.27595

-0.15625 1.27595
-0.146484 1.27767

-0.146484 1.27767
-0.136902 1.2793

-0.136894 1.2793
-0.136719 1.27933

-0.136719 1.27933
-0.126953 1.28092

-0.126953 1.28092
-0.117188 1.28244

-0.117188 1.28244
-0.107422 1.2839

-0.107422 1.2839
-0.0976562 1.28529

-0.0976562 1.28529
-0.0878906 1.28662

-0.0878906 1.28662
-0.078125 1.28788

-0.078125 1.28788
-0.0684964 1.28906

-0.0684819 1.28906
-0.0683594 1.28908

-0.0683594 1.28908
-0.0585938 1.29021

-0.0585938 1.29021
-0.0488281 1.29127

-0.0488281 1.29127
-0.0390625 1.29227

-0.0390625 1.29227
-0.0292969 1.29321

-0.0292969 1.29321
-0.0195312 1.29408

-0.0195312 1.29408
-0.00976562 1.29489

-0.00976562 1.29489
0 1.29563

0.00976562 -1.35761
0.0091241 -1.35742

0 -1.35468
0.00913486 -1.35742

0.00976562 -1.35761
0.0195312 -1.36054

0.0195312 -1.36054
0.0292969 -1.36346

0.0292969 -1.36346
0.0390625 -1.36638

0.0488281 -1.3693
0.041755 -1.36719

0.0488281 -1.3693
0.0585938 -1.37221

0.0585938 -1.37221
0.0683594 -1.37513

0.078125 -1.37804
0.0744822 -1.37695

0.0683594 -1.37512
0.0745092 -1.37695

0.0390625 -1.36638
0.0417803 -1.36719

0.078125 -1.37803
0.0878906 -1.38094

0.0878906 -1.38093
0.0976562 -1.38383

0.107422 -1.38674
0.107367 -1.38672

0.107422 -1.38673
0.117188 -1.38964

0.0976562 -1.38383
0.10737 -1.38672

0.117188 -1.38964
0.126953 -1.39254

0.126953 -1.39254
0.136719 -1.39544

0.146484 -1.39836
0.140191 -1.39648

0.136719 -1.39543
0.140275 -1.39648

0.146484 -1.39835
0.15625 -1.40127

0.175781 -1.40711
0.172911 -1.40625

0.175781 -1.4071
0.185547 -1.41001

0.185547 -1.41001
0.195312 -1.41292

0.195312 -1.41292
0.205078 -1.41582

0.214844 -1.41871
0.20575 -1.41602

0.205078 -1.41582
0.205754 -1.41602

0.214844 -1.41871
0.224609 -1.42159

0.224609 -1.42159
0.234375 -1.42446

0.244141 -1.42735
0.23882 -1.42578

0.244141 -1.42734
0.253906 -1.4302

0.234375 -1.42445
0.238903 -1.42578

0.253906 -1.43021
0.263672 -1.43306

0.273438 -1.43591
0.272197 -1.43555

0.263672 -1.43306
0.272208 -1.43555

0.3125 -1.44713
0.306143 -1.44531

0.273438 -1.43591
0.283203 -1.43873

0.283203 -1.43873
0.292969 -1.44155

0.292969 -1.44155
0.302734 -1.44434

0.302734 -1.44434
0.306152 -1.44531

0.15625 -1.40127
0.166016 -1.40418

0.166016 -1.40418
0.17294 -1.40625

0.3125 -1.44713
0.322266 -1.44989

0.322266 -1.44989
0.332031 -1.45263

0.341797 -1.45535
0.34083 -1.45508

0.332031 -1.45263
0.340838 -1.45508

0.341797 -1.45535
0.351562 -1.45804

0.351562 -1.45804
0.361328 -1.46071

0.361328 -1.46071
0.371094 -1.46336

0.380859 -1.466
0.376572 -1.46484

0.380859 -1.46598
0.390625 -1.46859

0.371094 -1.46334
0.376671 -1.46484

0.458984 -1.48589
0.452688 -1.48438

0.458984 -1.48589
0.46875 -1.4882

0.390625 -1.46859
0.400391 -1.47117

0.400391 -1.47117
0.410156 -1.47372

0.419922 -1.47624
0.413609 -1.47461

0.410156 -1.47374
0.413551 -1.47461

0.419922 -1.47624
0.429688 -1.47872

0.429688 -1.47872
0.439453 -1.48115

0.439453 -1.48115
0.449219 -1.48354

0.449219 -1.48354
0.452697 -1.48438

0.46875 -1.4882
0.478516 -1.49046

0.478516 -1.49046
0.488281 -1.49269

0.498047 -1.49486
0.494815 -1.49414

0.488281 -1.49269
0.494812 -1.49414

0.498047 -1.49486
0.507812 -1.49699

0.507812 -1.49699
0.517578 -1.49908

0.517578 -1.49908
0.527344 -1.50112

0.546875 -1.50507
0.541053 -1.50391

0.527344 -1.50112
0.537109 -1.50311

0.537109 -1.5031
0.541119 -1.50391

0.546875 -1.50507
0.556641 -1.50697

0.556641 -1.50698
0.566406 -1.50884

0.566406 -1.50884
0.576172 -1.51065

0.576172 -1.51065
0.585938 -1.5124

0.595703 -1.51408
0.593351 -1.51367

0.585938 -1.5124
0.593269 -1.51367

0.595703 -1.51409
0.605469 -1.51572

0.605469 -1.51573
0.615234 -1.5173

0.615234 -1.5173
0.625 -1.51882

0.664062 -1.5243
0.657648 -1.52344

0.625 -1.51882
0.634766 -1.52027

0.634766 -1.52027
0.644531 -1.52167

0.644531 -1.52167
0.654297 -1.52301

0.654297 -1.52301
0.657539 -1.52344

0.664062 -1.52429
0.673828 -1.52552

0.673828 -1.52552
0.683594 -1.52668

0.683594 -1.52668
0.693359 -1.52779

0.693359 -1.52779
0.703125 -1.52884

0.703125 -1.52884
0.712891 -1.52983

0.712891 -1.52983
0.722656 -1.53075

0.722656 -1.53075
0.732422 -1.53162

0.732422 -1.53162
0.742188 -1.53242

0.742188 -1.53242
0.751953 -1.53316

0.761719 -1.53384
0.75253 -1.5332

0.751953 -1.53316
0.752529 -1.5332

0.761719 -1.53384
0.771484 -1.53445

0.771484 -1.53445
0.78125 -1.535

0.78125 -1.535
0.791016 -1.53548

0.791016 -1.53548
0.800781 -1.5359

0.800781 -1.5359
0.810547 -1.53625

0.810547 -1.53625
0.820312 -1.53653

0.820312 -1.53653
0.830078 -1.53674

0.830078 -1.53674
0.839844 -1.53689

0.839844 -1.53689
0.849609 -1.53696

0.849609 -1.53696
0.859375 -1.53697

0.859375 -1.53697
0.869141 -1.5369

0.869141 -1.5369
0.878906 -1.53677

0.878906 -1.53677
0.888672 -1.53656

0.888672 -1.53656
0.898438 -1.53627

0.898438 -1.53627
0.908203 -1.53592

0.908203 -1.53592
0.917969 -1.53549

0.917969 -1.53549
0.927734 -1.53498

0.927734 -1.53498
0.9375 -1.5344

0.9375 -1.5344
0.947266 -1.53374

0.947266 -1.53374
0.954378 -1.5332

0.954364 -1.5332
0.957031 -1.533

0.957031 -1.533
0.966797 -1.53219

0.966797 -1.53219
0.976562 -1.5313

0.976562 -1.5313
0.986328 -1.53033

0.986328 -1.53033
0.996094 -1.52927

0.996094 -1.52927
1.00586 -1.52814

1.00586 -1.52814
1.01562 -1.52693

1.01562 -1.52693
1.02539 -1.52563

1.02539 -1.52563
1.03516 -1.52425

1.03516 -1.52426
1.04066 -1.52344

1.04058 -1.52344
1.05469 -1.52126

1.05469 -1.52124
1.06445 -1.51962

1.06445 -1.51961
1.07422 -1.5179

1.07422 -1.5179
1.08398 -1.51609

1.08398 -1.51609
1.09375 -1.5142

1.09375 -1.5142
1.09636 -1.51367

1.09635 -1.51367
1.10352 -1.51222

1.10352 -1.51222
1.11328 -1.51014

1.11328 -1.51014
1.12305 -1.50798

1.12305 -1.50798
1.13281 -1.50573

1.13281 -1.50573
1.14041 -1.50391

1.14039 -1.50391
1.14258 -1.50338

1.14258 -1.50338
1.15234 -1.50095

1.15234 -1.50095
1.16211 -1.49842

1.16211 -1.49842
1.17188 -1.49579

1.17188 -1.49579
1.17781 -1.49414

1.17779 -1.49414
1.18164 -1.49307

1.18164 -1.49307
1.19141 -1.49025

1.19141 -1.49025
1.20117 -1.48733

1.20117 -1.48733
1.21075 -1.48438

1.21075 -1.48438
1.21094 -1.48432

1.21094 -1.48432
1.2207 -1.4812

1.2207 -1.4812
1.23047 -1.47798

1.23047 -1.47798
1.24023 -1.47466

1.24023 -1.47466
1.24038 -1.47461

1.24038 -1.47461
1.25 -1.47124

1.25 -1.47124
1.25977 -1.46771

1.25977 -1.46771
1.26746 -1.46484

1.26744 -1.46484
1.26953 -1.46407

1.26953 -1.46407
1.2793 -1.46033

1.2793 -1.46033
1.28906 -1.45648

1.28906 -1.45648
1.29252 -1.45508

1.29249 -1.45508
1.29883 -1.45251

1.29883 -1.45251
1.30859 -1.44843

1.30859 -1.44844
1.31588 -1.44531

1.31583 -1.44531
1.32812 -1.43996

1.32812 -1.43993
1.33781 -1.43555

1.33781 -1.43555
1.33789 -1.43551

1.33789 -1.43551
1.34766 -1.43096

1.34766 -1.43096
1.35742 -1.4263

1.35742 -1.42631
1.35849 -1.42578

1.35848 -1.42578
1.36719 -1.42151

1.36719 -1.42151
1.37695 -1.41659

1.37695 -1.4166
1.37809 -1.41602

1.37807 -1.41602
1.38672 -1.41155

1.38672 -1.41155
1.39648 -1.40637

1.39648 -1.40638
1.39672 -1.40625

1.39665 -1.40625
1.40625 -1.4011

1.40625 -1.40107
1.41447 -1.39648

1.41446 -1.39648
1.41602 -1.39562

1.41602 -1.39562
1.42578 -1.39004

1.42578 -1.39005
1.43146 -1.38672

1.43144 -1.38672
1.43555 -1.38431

1.43555 -1.38432
1.44531 -1.37845

1.44531 -1.37846
1.44777 -1.37695

1.44774 -1.37695
1.45508 -1.37244

1.45508 -1.37244
1.4634 -1.36719

1.46337 -1.36719
1.46484 -1.36627

1.46484 -1.36628
1.47461 -1.35996

1.47461 -1.35996
1.47846 -1.35742

1.47844 -1.35742
1.48438 -1.35349

1.48438 -1.35349
1.49297 -1.34766

1.49294 -1.34766
1.49414 -1.34685

1.49414 -1.34686
1.50391 -1.34006

1.50391 -1.34003
1.50698 -1.33789

1.50695 -1.33789
1.51367 -1.33309

1.51367 -1.3331
1.52047 -1.32812

1.52042 -1.32812
1.52344 -1.32595

1.52344 -1.32595
1.5332 -1.31863

1.5332 -1.31863
1.53356 -1.31836

1.53356 -1.31836
1.54297 -1.31113

1.54297 -1.31109
1.54621 -1.30859

1.5462 -1.30859
1.55273 -1.30345

1.55273 -1.30342
1.55848 -1.29883

1.55842 -1.29883
1.5625 -1.29556

1.5625 -1.29552
1.57038 -1.28906

1.57037 -1.28906
1.57227 -1.28749

1.57227 -1.28747
1.5819 -1.2793

1.5819 -1.2793
1.58203 -1.27918

1.58203 -1.27919
1.5918 -1.27068

1.5918 -1.27068
1.5931 -1.26953

1.59309 -1.26953
1.60156 -1.26196

1.60156 -1.26196
1.60399 -1.25977

1.60394 -1.25977
1.61133 -1.25303

1.61133 -1.25302
1.61457 -1.25

1.61452 -1.25
1.62109 -1.24385

1.62109 -1.24383
1.62485 -1.24023

1.62483 -1.24023
1.63086 -1.23441

1.63086 -1.2344
1.63486 -1.23047

1.63486 -1.23047
1.64062 -1.22473

1.64062 -1.22473
1.64461 -1.2207

1.64462 -1.2207
1.65039 -1.21478

1.65039 -1.21479
1.6541 -1.21094

1.65413 -1.21094
1.66016 -1.20455

1.66016 -1.20457
1.66334 -1.20117

1.66339 -1.20117
1.66992 -1.19405

1.66992 -1.19405
1.67234 -1.19141

1.67238 -1.19141
1.67969 -1.18328

1.67969 -1.18328
1.68115 -1.18164

1.68116 -1.18164
1.68945 -1.17218

1.68945 -1.17218
1.68972 -1.17188

1.68972 -1.17188
1.69808 -1.16211

1.69808 -1.16211
1.69922 -1.16075

1.69922 -1.16074
1.70622 -1.15234

1.70625 -1.15234
1.70898 -1.14896

1.70898 -1.14895
1.71415 -1.14258

1.71419 -1.14258
1.71875 -1.13681

1.71875 -1.13682
1.7219 -1.13281

1.72192 -1.13281
1.72852 -1.12431

1.72852 -1.12432
1.72949 -1.12305

1.72949 -1.12305
1.73688 -1.11328

1.7369 -1.11328
1.73828 -1.11139

1.73828 -1.11138
1.74409 -1.10352

1.7441 -1.10352
1.74805 -1.09804

1.74805 -1.09802
1.7511 -1.09375

1.75117 -1.09375
1.75781 -1.08419

1.75781 -1.0842
1.75796 -1.08398

1.758 -1.08398
1.76471 -1.07422

1.76472 -1.07422
1.76758 -1.06996

1.76758 -1.06991
1.77124 -1.06445

1.77125 -1.06445
1.77734 -1.05515

1.77734 -1.05517
1.77765 -1.05469

1.77765 -1.05469
1.78389 -1.04492

1.7839 -1.04492
1.78711 -1.03978

1.78711 -1.03974
1.78997 -1.03516

1.78998 -1.03516
1.79593 -1.02539

1.79595 -1.02539
1.79688 -1.02382

1.79688 -1.02375
1.80177 -1.01562

1.80174 -1.01562
1.80664 -1.00719

1.80664 -1.00718
1.8074 -1.00586

1.80741 -1.00586
1.81295 -0.996094

1.81295 -0.996094
1.81641 -0.989848

1.81641 -0.989818
1.81834 -0.986328

1.81835 -0.986328
1.82362 -0.976562

1.82362 -0.976562
1.82617 -0.971721

1.82617 -0.971697
1.82875 -0.966797

1.82876 -0.966797
1.83377 -0.957031

1.83378 -0.957031
1.83594 -0.952725

1.83594 -0.952701
1.83866 -0.947266

1.83866 -0.947266
1.84344 -0.9375

1.84344 -0.9375
1.8457 -0.932748

1.8457 -0.932728
1.84808 -0.927734

1.84809 -0.927734
1.85262 -0.917969

1.85262 -0.917969
1.85547 -0.911675

1.85547 -0.911652
1.85703 -0.908203

1.85704 -0.908203
1.86134 -0.898438

1.86134 -0.898438
1.86523 -0.889359

1.86523 -0.889353
1.86553 -0.888672

1.86553 -0.888672
1.86961 -0.878906

1.86961 -0.878906
1.87358 -0.869141

1.87359 -0.869141
1.875 -0.865573

1.875 -0.865495
1.87746 -0.859375

1.87744 -0.859375
1.8812 -0.849609

1.8812 -0.849609
1.88477 -0.840079

1.88477 -0.840078
1.88485 -0.839844

1.88485 -0.839844
1.8884 -0.830078

1.8884 -0.830078
1.89185 -0.820312

1.89185 -0.820312
1.89453 -0.812496

1.89453 -0.812481
1.89519 -0.810547

1.8952 -0.810547
1.89845 -0.800781

1.89845 -0.800781
1.9016 -0.791016

1.9016 -0.791016
1.9043 -0.782374

1.9043 -0.782367
1.90465 -0.78125

1.90465 -0.78125
1.9076 -0.771484

1.9076 -0.771484
1.91047 -0.761719

1.91047 -0.761719
1.91323 -0.751953

1.91324 -0.751953
1.91406 -0.748951

1.91406 -0.748861
1.91592 -0.742188

1.91591 -0.742188
1.91849 -0.732422

1.91849 -0.732422
1.92099 -0.722656

1.92099 -0.722656
1.92339 -0.712891

1.92339 -0.712891
1.92383 -0.711037

1.92383 -0.71103
1.9257 -0.703125

1.9257 -0.703125
1.92793 -0.693359

1.92793 -0.693359
1.93006 -0.683594

1.93006 -0.683594
1.93211 -0.673828

1.93211 -0.673828
1.93359 -0.666459

1.93359 -0.666445
1.93407 -0.664062

1.93407 -0.664062
1.93595 -0.654297

1.93595 -0.654297
1.93775 -0.644531

1.93774 -0.644531
1.93945 -0.634766

1.93945 -0.634766
1.94108 -0.625

1.94108 -0.625
1.94262 -0.615234

1.94262 -0.615234
1.94336 -0.610301

1.94336 -0.610284
1.94408 -0.605469

1.94408 -0.605469
1.94546 -0.595703

1.94546 -0.595703
1.94676 -0.585938

1.94676 -0.585938
1.94797 -0.576172

1.94797 -0.576172
1.94911 -0.566406

1.94911 -0.566406
1.95017 -0.556641

1.95017 -0.556641
1.95115 -0.546875

1.95115 -0.546875
1.95205 -0.537109

1.95205 -0.537109
1.95288 -0.527344

1.95288 -0.527344
1.95312 -0.524173

1.95312 -0.524217
1.95431 -0.507812

1.95429 -0.507812
1.95488 -0.498047

1.95488 -0.498047
1.95539 -0.488281

1.95539 -0.488281
1.95582 -0.478516

1.95582 -0.478516
1.95618 -0.46875

1.95312 -0.328173
1.95267 -0.322266

1.95268 -0.322266
1.95186 -0.3125

1.95618 -0.46875
1.95647 -0.458984

1.95647 -0.458984
1.95668 -0.449219

1.95668 -0.449219
1.95681 -0.439453

1.95681 -0.439453
1.95687 -0.429688

1.95687 -0.429688
1.95685 -0.419922

1.95685 -0.419922
1.95677 -0.410156

1.95677 -0.410156
1.9566 -0.400391

1.9566 -0.400391
1.95637 -0.390625

1.95637 -0.390625
1.95606 -0.380859

1.95606 -0.380859
1.95568 -0.371094

1.95568 -0.371094
1.95522 -0.361328

1.95522 -0.361328
1.95469 -0.351562

1.95469 -0.351562
1.95409 -0.341797

1.95409 -0.341797
1.95342 -0.332031

1.95312 -0.328131
1.95342 -0.332031

1.95186 -0.3125
1.95097 -0.302734

1.95097 -0.302734
1.95001 -0.292969

1.95001 -0.292969
1.94898 -0.283203

1.94898 -0.283203
1.94788 -0.273438

1.94788 -0.273438
1.9467 -0.263672

1.9467 -0.263672
1.94546 -0.253906

1.94336 -0.238586
1.94276 -0.234375

1.94546 -0.253906
1.94415 -0.244141

1.94336 -0.238575
1.94415 -0.244141

1.94276 -0.234375
1.94131 -0.224609

1.94131 -0.224609
1.93979 -0.214844

1.93979 -0.214844
1.93819 -0.205078

1.93819 -0.205078
1.93653 -0.195312

1.93359 -0.179058
1.93299 -0.175781

1.93299 -0.175781
1.93111 -0.166016

1.93111 -0.166016
1.92916 -0.15625

1.93653 -0.195312
1.93479 -0.185547

1.93359 -0.179068
1.93479 -0.185547

1.91406 -0.0899689
1.91354 -0.0878906

1.91354 -0.0878906
1.91103 -0.078125

1.92916 -0.15625
1.92714 -0.146484

1.92714 -0.146484
1.92505 -0.136719

1.92383 -0.131185
1.92289 -0.126953

1.92289 -0.126953
1.92066 -0.117188

1.92383 -0.131193
1.92505 -0.136719

1.92066 -0.117188
1.91836 -0.107422

1.91836 -0.107422
1.91598 -0.0976562

1.91406 -0.0899774
1.91598 -0.0976562

1.91103 -0.078125
1.90844 -0.0683594

1.90844 -0.0683594
1.90579 -0.0585938

1.9043 -0.0532581
1.90306 -0.0488281

1.90306 -0.0488281
1.90026 -0.0390625

1.9043 -0.0532569
1.90579 -0.0585938

1.89453 -0.0197788
1.89446 -0.0195312

1.89446 -0.0195312
1.89144 -0.00976562

1.89144 -0.00976562
1.88836 0

1.90026 -0.0390625
1.8974 -0.0292969

1.89453 -0.0197814
1.8974 -0.0292969

0.517578 1.24839
0.511045 1.25

0.517578 1.24839
0.527344 1.24592

0.527344 1.24592
0.537109 1.2434

0.537109 1.2434
0.546875 1.24082

0.556641 1.23819
0.549045 1.24023

0.546875 1.24082
0.549054 1.24023

0.556641 1.23819
0.566406 1.2355

0.585938 1.22994
0.584096 1.23047

0.566406 1.2355
0.576172 1.23275

0.576172 1.23275
0.584078 1.23047

0.585938 1.22993
0.595703 1.22706

0.595703 1.22706
0.605469 1.22412

0.605469 1.22412
0.615234 1.22113

0.625 1.21808
0.616602 1.2207

0.615234 1.22113
0.616601 1.2207

0.654297 1.20857
0.64713 1.21094

0.654297 1.20857
0.664062 1.20528

0.625 1.21808
0.634766 1.21497

0.634766 1.21497
0.644531 1.2118

0.644531 1.2118
0.64713 1.21094

0.664062 1.20528
0.673828 1.20193

0.683594 1.19853
0.676014 1.20117

0.673828 1.20194
0.676018 1.20117

0.683594 1.19853
0.693359 1.19506

0.693359 1.19506
0.703125 1.19154

0.761719 1.16903
0.754627 1.17188

0.761719 1.16903
0.771484 1.16505

0.78125 1.16102
0.778616 1.16211

0.771484 1.16505
0.778607 1.16211

0.712891 1.18794
0.703475 1.19141

0.712891 1.18794
0.722656 1.18429

0.703125 1.19153
0.703475 1.19141

0.732422 1.18057
0.729606 1.18164

0.722656 1.18428
0.729601 1.18164

0.732422 1.18057
0.742188 1.17679

0.742188 1.1768
0.754599 1.17188

0.927734 1.09289
0.926044 1.09375

0.927734 1.09288
0.9375 1.08782

0.78125 1.16102
0.791016 1.15692

0.791016 1.15692
0.800781 1.15276

0.810547 1.14854
0.801744 1.15234

0.810547 1.14854
0.820312 1.14425

0.800781 1.15276
0.801739 1.15234

0.849609 1.131
0.845655 1.13281

0.849609 1.13099
0.859375 1.12645

0.830078 1.13989
0.824058 1.14258

0.820312 1.14424
0.824047 1.14258

0.830078 1.13989
0.839844 1.13547

0.839844 1.13547
0.845641 1.13281

0.869141 1.12185
0.866601 1.12305

0.859375 1.12645
0.866598 1.12305

0.869141 1.12185
0.878906 1.11718

0.888672 1.11246
0.886982 1.11328

0.888672 1.11246
0.898438 1.10766

0.878906 1.11718
0.886963 1.11328

0.908203 1.10281
0.906777 1.10352

0.898438 1.10766
0.906761 1.10352

0.908203 1.1028
0.917969 1.09787

0.917969 1.09787
0.926027 1.09375

1.19141 0.93075
1.18203 0.9375

1.21094 0.916477
1.20889 0.917969

1.20117 0.923634
1.19554 0.927734

1.19141 0.930736
1.19557 0.927734

1.20117 0.923625
1.20883 0.917969

1.24023 0.894251
1.23475 0.898438

1.25 0.886702
1.24744 0.888672

1.24023 0.894228
1.24739 0.888672

1.21094 0.916427
1.2207 0.909124

1.23047 0.901729
1.22192 0.908203

1.2207 0.909117
1.22193 0.908203

1.23047 0.901698
1.2348 0.898438

0.947266 1.0827
0.94481 1.08398

0.9375 1.08782
0.944803 1.08398

0.947266 1.08269
0.957031 1.0775

0.966797 1.07225
0.963145 1.07422

0.966797 1.07224
0.976562 1.06692

0.957031 1.0775
0.963121 1.07422

1.00586 1.05051
0.998503 1.05469

1.01562 1.0449
1.01559 1.04492

1.00586 1.05051
1.01559 1.04492

0.986328 1.06153
0.981032 1.06445

0.976562 1.06691
0.981006 1.06445

0.986328 1.06152
0.996094 1.05605

0.996094 1.05604
0.998486 1.05469

1.07422 1.00965
1.06459 1.01562

1.08398 1.00352
1.08026 1.00586

1.07422 1.00964
1.08024 1.00586

1.08398 1.00351
1.09375 0.99729

1.03516 1.03346
1.03229 1.03516

1.01562 1.0449
1.02539 1.03921

1.02539 1.03921
1.03226 1.03516

1.03516 1.03345
1.04492 1.02761

1.05469 1.0217
1.0486 1.02539

1.04492 1.02761
1.04858 1.02539

1.05469 1.02172
1.06456 1.01562

1.13281 0.97167
1.12544 0.976562

1.10352 0.990997
1.09561 0.996094

1.11328 0.984653
1.11069 0.986328

1.10352 0.990989
1.11066 0.986328

1.09375 0.99728
1.09562 0.996094

1.11328 0.984623
1.12305 0.978173

1.12305 0.978143
1.12545 0.976562

1.14258 0.965069
1.13999 0.966797

1.13281 0.971636
1.13996 0.966797

1.14258 0.965033
1.15234 0.958343

1.16211 0.951571
1.15424 0.957031

1.17188 0.944749
1.16826 0.947266

1.16211 0.951561
1.16823 0.947266

1.15234 0.958331
1.15427 0.957031

1.17188 0.944729
1.18201 0.9375

0 1.29563
0.00976562 1.29631

0.00976562 1.29631
0.0195312 1.29693

0.0195312 1.29693
0.0292969 1.29748

0.0292969 1.29748
0.0390625 1.29797

0.0390625 1.29797
0.0488281 1.2984

0.0488281 1.2984
0.0585938 1.29877

0.0585938 1.29877
0.0604039 1.29883

0.0604981 1.29883
0.0683594 1.29907

0.0683594 1.29907
0.078125 1.29932

0.078125 1.29932
0.0878906 1.2995

0.0878906 1.2995
0.0976562 1.29962

0.0976562 1.29962
0.107422 1.29968

0.107422 1.29967
0.117188 1.29967

0.117188 1.29967
0.126953 1.29961

0.126953 1.29961
0.136719 1.29948

0.136719 1.29948
0.146484 1.2993

0.146484 1.2993
0.15625 1.29905

0.166016 1.29875
0.163453 1.29883

0.15625 1.29906
0.163497 1.29883

0.166016 1.29875
0.175781 1.29838

0.175781 1.29838
0.185547 1.29796

0.185547 1.29796
0.195312 1.29747

0.195312 1.29747
0.205078 1.29692

0.205078 1.29692
0.214844 1.29632

0.214844 1.29632
0.224609 1.29565

0.224609 1.29565
0.234375 1.29492

0.234375 1.29492
0.244141 1.29414

0.244141 1.29414
0.253906 1.29329

0.253906 1.29329
0.263672 1.29238

0.263672 1.29238
0.273438 1.29141

0.302734 1.28815
0.29496 1.28906

0.302734 1.28815
0.3125 1.28694

0.273438 1.29141
0.283203 1.29038

0.283203 1.29038
0.292969 1.2893

0.292969 1.2893
0.294968 1.28906

0.3125 1.28694
0.322266 1.28567

0.322266 1.28567
0.332031 1.28435

0.332031 1.28435
0.341797 1.28296

0.341797 1.28296
0.351562 1.28152

0.351562 1.28152
0.361328 1.28003

0.371094 1.27848
0.365942 1.2793

0.361328 1.28003
0.36596 1.2793

0.371094 1.27848
0.380859 1.27688

0.380859 1.27688
0.390625 1.27522

0.390625 1.27522
0.400391 1.27351

0.400391 1.27351
0.410156 1.27174

0.429688 1.26802
0.421884 1.26953

0.410156 1.27174
0.419922 1.26991

0.419922 1.26991
0.421879 1.26953

0.429688 1.26802
0.439453 1.26607

0.439453 1.26607
0.449219 1.26406

0.449219 1.26406
0.458984 1.26199

0.458984 1.26199
0.46875 1.25987

0.478516 1.25769
0.469205 1.25977

0.46875 1.25987
0.469207 1.25977

0.478516 1.25769
0.488281 1.25545

0.488281 1.25545
0.498047 1.25315

0.498047 1.25315
0.507812 1.2508

0.507812 1.2508
0.51102 1.25

1.5625 0.584192
1.56105 0.585938

1.5332 0.61855
1.52762 0.625

1.54297 0.607293
1.53612 0.615234

1.5332 0.618582
1.5361 0.615234

1.55273 0.59584
1.54454 0.605469

1.56105 0.585938
1.55285 0.595703

1.55273 0.595839
1.55285 0.595703

1.54297 0.607296
1.54453 0.605469

1.875 0.0399168
1.87186 0.0488281

1.87186 0.0488281
1.86834 0.0585938

1.86523 0.0670409
1.86475 0.0683594

1.86475 0.0683594
1.86109 0.078125

1.86523 0.0670398
1.86834 0.0585938

1.83594 0.140505
1.83338 0.146484

1.83338 0.146484
1.82912 0.15625

1.85547 0.0927225
1.85354 0.0976562

1.85354 0.0976562
1.84966 0.107422

1.8457 0.117175
1.84966 0.107422

1.86109 0.078125
1.85735 0.0878906

1.85547 0.0927082
1.85735 0.0878906

1.8457 0.117188
1.84166 0.126953

1.84166 0.126953
1.83756 0.136719

1.83594 0.140496
1.83755 0.136719

1.79688 0.225271
1.79238 0.234375

1.75781 0.299699
1.75613 0.302734

1.75612 0.302734
1.75063 0.3125

1.77734 0.263601
1.77731 0.263672

1.77731 0.263672
1.77213 0.273438

1.78711 0.244746
1.7824 0.253906

1.79236 0.234375
1.78742 0.244141

1.78711 0.244745
1.78742 0.244141

1.77734 0.263601
1.7824 0.253906

1.76758 0.281906
1.76688 0.283203

1.76688 0.283203
1.76154 0.292969

1.76758 0.281896
1.77213 0.273438

1.75781 0.299683
1.76154 0.292969

1.81641 0.184447
1.8159 0.185547

1.8159 0.185547
1.81135 0.195312

1.82617 0.162896
1.82479 0.166016

1.82479 0.166016
1.82038 0.175781

1.82617 0.162895
1.82912 0.15625

1.81641 0.18445
1.82038 0.175781

1.80664 0.205234
1.80201 0.214844

1.81135 0.195312
1.80672 0.205078

1.80664 0.205233
1.80672 0.205078

1.80201 0.214844
1.79722 0.224609

1.79688 0.225308
1.79722 0.224609

1.71875 0.366507
1.71594 0.371094

1.70898 0.382228
1.70368 0.390625

1.71592 0.371094
1.70985 0.380859

1.70898 0.382229
1.70983 0.380859

1.67969 0.427327
1.67815 0.429688

1.66016 0.455938
1.65807 0.458984

1.65807 0.458984
1.65119 0.46875

1.66992 0.441825
1.66485 0.449219

1.67815 0.429688
1.67154 0.439453

1.66992 0.441834
1.67151 0.439453

1.66016 0.455981
1.66485 0.449219

1.69922 0.397595
1.69744 0.400391

1.69743 0.400391
1.69109 0.410156

1.68945 0.412655
1.68467 0.419922

1.67969 0.427392
1.68467 0.419922

1.68945 0.41265
1.69107 0.410156

1.69922 0.397598
1.70368 0.390625

1.60156 0.535593
1.60039 0.537109

1.6004 0.537109
1.59275 0.546875

1.64062 0.483497
1.63718 0.488281

1.63086 0.496861
1.63 0.498047

1.63 0.498047
1.62275 0.507812

1.63086 0.496882
1.63716 0.488281

1.61133 0.522901
1.60798 0.527344

1.62109 0.510017
1.6154 0.517578

1.61133 0.522923
1.61538 0.517578

1.60156 0.535608
1.60795 0.527344

1.62109 0.510025
1.62273 0.507812

1.58203 0.560308
1.57714 0.566406

1.57227 0.572337
1.56916 0.576172

1.5625 0.584186
1.56914 0.576172

1.57227 0.572361
1.57709 0.566406

1.5918 0.54807
1.58499 0.556641

1.58203 0.560317
1.58494 0.556641

1.5918 0.54807
1.59274 0.546875

1.64062 0.483492
1.65122 0.46875

1.72852 0.350398
1.72783 0.351562

1.73828 0.333914
1.73365 0.341797

1.72852 0.350402
1.73365 0.341797

1.74805 0.317019
1.74505 0.322266

1.74505 0.322266
1.73939 0.332031

1.74805 0.317009
1.75062 0.3125

1.73828 0.333915
1.73938 0.332031

1.71875 0.36649
1.72785 0.351562

1.37695 0.778823
1.3743 0.78125

1.38672 0.769763
1.38487 0.771484

1.37695 0.778798
1.38488 0.771484

1.39648 0.760621
1.39532 0.761719

1.40625 0.75134
1.40561 0.751953

1.39648 0.760616
1.40561 0.751953

1.38672 0.769765
1.39531 0.761719

1.28906 0.855366
1.28412 0.859375

1.30859 0.839085
1.30769 0.839844

1.29883 0.847298
1.29602 0.849609

1.28906 0.855316
1.29597 0.849609

1.29883 0.847253
1.30766 0.839844

1.30859 0.839065
1.31836 0.83077

1.32812 0.82237
1.31916 0.830078

1.31836 0.830764
1.31916 0.830078

1.26953 0.871195
1.25985 0.878906

1.25 0.886657
1.25977 0.878975

1.25977 0.878975
1.25985 0.878906

1.2793 0.863316
1.27208 0.869141

1.26953 0.871181
1.27209 0.869141

1.2793 0.863262
1.28415 0.859375

1.33789 0.813876
1.33049 0.820312

1.34766 0.80531
1.34163 0.810547

1.33789 0.813837
1.34166 0.810547

1.35742 0.796577
1.35268 0.800781

1.36719 0.787753
1.36357 0.791016

1.35742 0.796507
1.3636 0.791016

1.34766 0.805227
1.35271 0.800781

1.32812 0.822358
1.33049 0.820312

1.36719 0.787715
1.3743 0.78125

1.46484 0.693074
1.46457 0.693359

1.45508 0.703116
1.46457 0.693359

1.47461 0.682896
1.47395 0.683594

1.48438 0.672577
1.4832 0.673828

1.47461 0.682887
1.48318 0.673828

1.46484 0.693072
1.47394 0.683594

1.41602 0.741957
1.41578 0.742188

1.41602 0.741953
1.42578 0.732436

1.44531 0.71302
1.43568 0.722656

1.43555 0.722792
1.4258 0.732422

1.42578 0.732436
1.4258 0.732422

1.43555 0.722792
1.43568 0.722656

1.40625 0.751331
1.41578 0.742188

1.44531 0.713026
1.45506 0.703125

1.49414 0.6621
1.49233 0.664062

1.50391 0.651449
1.50132 0.654297

1.49414 0.662079
1.50128 0.654297

1.51367 0.640634
1.51019 0.644531

1.52344 0.629664
1.51896 0.634766

1.51367 0.640682
1.5189 0.634766

1.50391 0.65146
1.51014 0.644531

1.48438 0.672571
1.49228 0.664062

1.52344 0.629703
1.52758 0.625

1.88477 0.0110898
1.88197 0.0195312

1.88836 0
1.8852 0.00976562

1.88477 0.0110872
1.8852 0.00976562

1.88197 0.0195312
1.87867 0.0292969

1.87867 0.0292969
1.8753 0.0390625

1.875 0.0399129
1.8753 0.0390625

