-0.390625 -1.25259
-0.393691 -1.25

-0.380859 -1.26091
-0.382202 -1.25977

-0.390625 -1.25255
-0.38217 -1.25977

-0.380859 -1.26088
-0.371094 -1.26928

-0.361328 -1.27775
-0.370805 -1.26953

-0.351562 -1.2863
-0.359569 -1.2793

-0.361328 -1.27773
-0.359525 -1.2793

-0.371094 -1.26927
-0.37079 -1.26953

-0.341797 -1.29492
-0.348489 -1.28906

-0.332031 -1.30369
-0.337526 -1.29883

-0.341797 -1.29485
-0.337295 -1.29883

-0.322266 -1.31245
-0.326585 -1.30859

-0.3125 -1.32125
-0.315711 -1.31836

-0.322266 -1.31247
-0.315657 -1.31836

-0.332031 -1.30364
-0.326454 -1.30859

-0.351562 -1.28625
-0.348352 -1.28906

-0.0390625 -1.56908
-0.0470508 -1.5625

-0.0195312 -1.58505
-0.0233164 -1.58203

-0.0292969 -1.57714
-0.0352838 -1.57227

-0.0390625 -1.56906
-0.0351334 -1.57227

-0.0292969 -1.57714
-0.0232452 -1.58203

-0.00976562 -1.59292
-0.0111753 -1.5918

-0.0195312 -1.58507
-0.0111421 -1.5918

-0.00976562 -1.5929
0 -1.60064

-0.214844 -1.41174
-0.220756 -1.40625

-0.195312 -1.43002
-0.199876 -1.42578

-0.205078 -1.42088
-0.210314 -1.41602

-0.214844 -1.41167
-0.210178 -1.41602

-0.205078 -1.42082
-0.199735 -1.42578

-0.175781 -1.44814
-0.178846 -1.44531

-0.15625 -1.46616
-0.157682 -1.46484

-0.166016 -1.45715
-0.168269 -1.45508

-0.175781 -1.44811
-0.168204 -1.45508

-0.166016 -1.45713
-0.157624 -1.46484

-0.185547 -1.43907
-0.189364 -1.43555

-0.195312 -1.42998
-0.189273 -1.43555

-0.185547 -1.43907
-0.178733 -1.44531

-0.302734 -1.33017
-0.30498 -1.32812

-0.292969 -1.3391
-0.294291 -1.33789

-0.302734 -1.33012
-0.29423 -1.33789

-0.283203 -1.34806
-0.283642 -1.34766

-0.283203 -1.34805
-0.273438 -1.35708

-0.292969 -1.33906
-0.283626 -1.34766

-0.253906 -1.37524
-0.262566 -1.36719

-0.234375 -1.39344
-0.241647 -1.38672

-0.244141 -1.38433
-0.252092 -1.37695

-0.253906 -1.37519
-0.252006 -1.37695

-0.244141 -1.38427
-0.241504 -1.38672

-0.263672 -1.36615
-0.273076 -1.35742

-0.273438 -1.35707
-0.273061 -1.35742

-0.263672 -1.36611
-0.262512 -1.36719

-0.3125 -1.32125
-0.304899 -1.32812

-0.224609 -1.40258
-0.231192 -1.39648

-0.234375 -1.39338
-0.231042 -1.39648

-0.224609 -1.40251
-0.220593 -1.40625

-0.126953 -1.4928
-0.136258 -1.48438

-0.117188 -1.50159
-0.125474 -1.49414

-0.126953 -1.49276
-0.125415 -1.49414

-0.0878906 -1.52757
-0.0926487 -1.52344

-0.078125 -1.53603
-0.0814111 -1.5332

-0.0878906 -1.52753
-0.081317 -1.5332

-0.107422 -1.51031
-0.11464 -1.50391

-0.0976562 -1.51893
-0.103701 -1.51367

-0.107422 -1.51027
-0.103556 -1.51367

-0.117188 -1.50151
-0.114501 -1.50391

-0.0976562 -1.51891
-0.0924493 -1.52344

-0.146484 -1.47508
-0.146995 -1.47461

-0.15625 -1.46612
-0.146978 -1.47461

-0.146484 -1.47506
-0.136719 -1.48396

-0.136719 -1.48393
-0.136232 -1.48438

-0.0683594 -1.54445
-0.0700965 -1.54297

-0.0683594 -1.54442
-0.0586032 -1.55273

-0.078125 -1.53601
-0.0700393 -1.54297

-0.0585938 -1.55274
-0.0488281 -1.56097

-0.0488281 -1.56092
-0.0469261 -1.5625

-0.947266 -0.782576
-0.948407 -0.78125

-0.9375 -0.793758
-0.939907 -0.791016

-0.947266 -0.78257
-0.939919 -0.791016

-1.05469 -0.638092
-1.05679 -0.634766

-1.05679 -0.634766
-1.06285 -0.625

-1.03516 -0.667983
-1.0378 -0.664062

-1.01562 -0.696015
-1.01749 -0.693359

-1.01753 -0.693359
-1.02444 -0.683594

-1.02539 -0.682216
-1.03119 -0.673828

-1.03516 -0.667968
-1.03119 -0.673828

-1.02539 -0.68219
-1.02443 -0.683594

-1.04492 -0.653293
-1.0506 -0.644531

-1.0378 -0.664062
-1.04427 -0.654297

-1.04492 -0.653266
-1.04427 -0.654297

-1.05469 -0.638079
-1.0506 -0.644531

-0.976562 -0.747417
-0.980696 -0.742188

-1.00586 -0.709405
-1.01049 -0.703125

-0.996094 -0.722419
-1.00328 -0.712891

-1.00586 -0.709333
-1.00328 -0.712891

-0.986328 -0.735064
-0.988368 -0.732422

-0.988397 -0.732422
-0.995915 -0.722656

-0.986328 -0.735059
-0.980725 -0.742188

-0.996094 -0.722418
-0.995914 -0.722656

-0.957031 -0.771131
-0.964894 -0.761719

-0.966797 -0.759401
-0.972892 -0.751953

-0.976562 -0.747328
-0.972909 -0.751953

-0.966797 -0.759379
-0.964883 -0.761719

-0.948413 -0.78125
-0.956737 -0.771484

-0.957031 -0.771131
-0.956734 -0.771484

-1.01562 -0.696012
-1.01049 -0.703125

-0.78125 -0.945613
-0.790725 -0.9375

-0.742188 -0.97799
-0.743958 -0.976562

-0.761719 -0.961968
-0.7677 -0.957031

-0.771484 -0.953858
-0.77929 -0.947266

-0.78125 -0.945619
-0.779301 -0.947266

-0.771484 -0.95389
-0.767683 -0.957031

-0.751953 -0.970021
-0.755928 -0.966797

-0.761719 -0.962016
-0.755866 -0.966797

-0.751953 -0.970038
-0.743939 -0.976562

-0.742188 -0.977988
-0.732422 -0.985854

-0.722656 -0.993642
-0.731826 -0.986328

-0.732422 -0.985854
-0.731827 -0.986328

-0.712891 -1.00135
-0.719549 -0.996094

-0.703125 -1.009
-0.707209 -1.00586

-0.712891 -1.00136
-0.707124 -1.00586

-0.722656 -0.993668
-0.719551 -0.996094

-0.693359 -1.01662
-0.694648 -1.01562

-0.693359 -1.01661
-0.683594 -1.02416

-0.664062 -1.03908
-0.669244 -1.03516

-0.673828 -1.03165
-0.681982 -1.02539

-0.683594 -1.02417
-0.681988 -1.02539

-0.673828 -1.03167
-0.669208 -1.03516

-0.634766 -1.06129
-0.64351 -1.05469

-0.625 -1.06865
-0.630585 -1.06445

-0.634766 -1.06132
-0.63054 -1.06445

-0.654297 -1.04653
-0.656445 -1.04492

-0.664062 -1.03909
-0.656387 -1.04492

-0.654297 -1.04652
-0.644531 -1.05392

-0.644531 -1.05391
-0.643499 -1.05469

-0.703125 -1.00901
-0.694626 -1.01562

-0.869141 -0.865608
-0.875476 -0.859375

-0.859375 -0.875086
-0.865543 -0.869141

-0.869141 -0.865614
-0.865524 -0.869141

-0.908203 -0.825842
-0.913358 -0.820312

-0.898438 -0.836085
-0.904158 -0.830078

-0.908203 -0.825829
-0.904196 -0.830078

-0.927734 -0.804701
-0.931244 -0.800781

-0.917969 -0.815385
-0.922388 -0.810547

-0.927734 -0.804636
-0.922427 -0.810547

-0.9375 -0.793726
-0.931267 -0.800781

-0.917969 -0.81535
-0.913398 -0.820312

-0.888672 -0.846121
-0.894782 -0.839844

-0.878906 -0.855958
-0.885222 -0.849609

-0.888672 -0.84612
-0.885234 -0.849609

-0.898438 -0.836082
-0.89481 -0.839844

-0.878906 -0.855962
-0.875475 -0.859375

-0.830078 -0.902553
-0.834587 -0.898438

-0.820312 -0.911408
-0.823878 -0.908203

-0.830078 -0.902622
-0.823862 -0.908203

-0.849609 -0.884396
-0.855418 -0.878906

-0.839844 -0.893553
-0.845102 -0.888672

-0.849609 -0.884416
-0.845069 -0.888672

-0.859375 -0.875098
-0.855391 -0.878906

-0.839844 -0.89359
-0.834565 -0.898438

-0.810547 -0.920162
-0.813019 -0.917969

-0.800781 -0.92877
-0.801966 -0.927734

-0.810547 -0.920172
-0.801962 -0.927734

-0.820312 -0.911454
-0.812999 -0.917969

-0.800781 -0.928773
-0.791016 -0.937252

-0.791016 -0.937252
-0.790727 -0.9375

-1.09375 -0.571478
-1.0965 -0.566406

-1.10352 -0.553107
-1.10675 -0.546875

-1.0965 -0.566406
-1.10168 -0.556641

-1.10352 -0.553096
-1.10168 -0.556641

-1.13281 -0.492565
-1.13474 -0.488281

-1.14258 -0.470188
-1.14319 -0.46875

-1.13473 -0.488281
-1.13902 -0.478516

-1.14258 -0.470184
-1.13902 -0.478516

-1.11328 -0.533898
-1.11652 -0.527344

-1.12305 -0.513757
-1.12585 -0.507812

-1.11652 -0.527344
-1.12124 -0.517578

-1.12305 -0.513743
-1.12124 -0.517578

-1.10674 -0.546875
-1.11169 -0.537109

-1.11328 -0.533887
-1.11169 -0.537109

-1.12585 -0.507812
-1.13035 -0.498047

-1.13281 -0.492552
-1.13034 -0.498047

-1.17188 -0.393597
-1.1729 -0.390625

-1.1729 -0.390625
-1.17616 -0.380859

-1.17616 -0.380859
-1.17934 -0.371094

-1.18164 -0.363785
-1.18241 -0.361328

-1.18241 -0.361328
-1.1854 -0.351562

-1.18164 -0.363779
-1.17934 -0.371094

-1.19141 -0.330876
-1.19379 -0.322266

-1.19379 -0.322266
-1.19641 -0.3125

-1.1854 -0.351562
-1.18829 -0.341797

-1.18829 -0.341797
-1.19109 -0.332031

-1.19141 -0.330875
-1.19109 -0.332031

-1.15234 -0.446399
-1.15509 -0.439453

-1.15509 -0.439453
-1.15885 -0.429688

-1.14319 -0.46875
-1.14726 -0.458984

-1.14726 -0.458984
-1.15123 -0.449219

-1.15234 -0.446394
-1.15123 -0.449219

-1.16211 -0.420995
-1.16251 -0.419922

-1.16251 -0.419922
-1.16607 -0.410156

-1.16211 -0.420994
-1.15885 -0.429688

-1.16607 -0.410156
-1.16953 -0.400391

-1.17188 -0.393591
-1.16953 -0.400391

-1.07422 -0.606055
-1.07456 -0.605469

-1.08398 -0.589105
-1.08578 -0.585938

-1.07456 -0.605469
-1.08023 -0.595703

-1.08398 -0.589092
-1.08023 -0.595703

-1.06445 -0.622353
-1.06877 -0.615234

-1.07422 -0.606052
-1.06877 -0.615234

-1.06445 -0.622342
-1.06284 -0.625

-1.08578 -0.585938
-1.0912 -0.576172

-1.09375 -0.571464
-1.09119 -0.576172

-1.21094 -0.250598
-1.21226 -0.244141

-1.21226 -0.244141
-1.21419 -0.234375

-1.20117 -0.293786
-1.20138 -0.292969

-1.19641 -0.3125
-1.19894 -0.302734

-1.20117 -0.293786
-1.19894 -0.302734

-1.20138 -0.292969
-1.20373 -0.283203

-1.20373 -0.283203
-1.20599 -0.273438

-1.20599 -0.273438
-1.20817 -0.263672

-1.20817 -0.263672
-1.21026 -0.253906

-1.21094 -0.250592
-1.21026 -0.253906

-1.21419 -0.234375
-1.21603 -0.224609

-1.21603 -0.224609
-1.21778 -0.214844

-1.2207 -0.197384
-1.22104 -0.195312

-1.21778 -0.214844
-1.21945 -0.205078

-1.2207 -0.197382
-1.21945 -0.205078

-1.22104 -0.195312
-1.22255 -0.185547

-1.22255 -0.185547
-1.22397 -0.175781

-1.22397 -0.175781
-1.22532 -0.166016

-1.22532 -0.166016
-1.22658 -0.15625

-1.23047 -0.121005
-1.23084 -0.117188

-1.22658 -0.15625
-1.22777 -0.146484

-1.22777 -0.146484
-1.22887 -0.136719

-1.22887 -0.136719
-1.22989 -0.126953

-1.23047 -0.121013
-1.22989 -0.126953

-1.23084 -0.117188
-1.2317 -0.107422

-1.2317 -0.107422
-1.23249 -0.0976562

-1.23249 -0.0976562
-1.23319 -0.0878906

-1.23319 -0.0878906
-1.23382 -0.078125

-1.23382 -0.078125
-1.23437 -0.0683594

-1.23436 -0.0683594
-1.23483 -0.0585938

-1.23483 -0.0585938
-1.23522 -0.0488281

-1.23522 -0.0488281
-1.23553 -0.0390625

-1.23553 -0.0390625
-1.23577 -0.0292969

-1.23577 -0.0292969
-1.23592 -0.0195312

-1.23592 -0.0195312
-1.236 -0.00976562

-1.236 -0.00976562
-1.236 0

-0.585938 -1.09797
-0.591586 -1.09375

-0.576172 -1.10532
-0.578611 -1.10352

-0.585938 -1.09796
-0.578535 -1.10352

-0.576172 -1.1053
-0.566406 -1.11264

-0.556641 -1.11999
-0.565548 -1.11328

-0.546875 -1.12737
-0.552603 -1.12305

-0.556641 -1.12001
-0.552551 -1.12305

-0.566406 -1.11263
-0.565536 -1.11328

-0.488281 -1.17244
-0.489009 -1.17188

-0.488281 -1.17242
-0.478516 -1.18012

-0.46875 -1.1879
-0.476618 -1.18164

-0.478516 -1.18011
-0.476567 -1.18164

-0.537109 -1.1348
-0.539763 -1.13281

-0.537109 -1.13477
-0.527344 -1.14222

-0.507812 -1.15722
-0.514149 -1.15234

-0.517578 -1.1497
-0.526872 -1.14258

-0.527344 -1.14221
-0.526863 -1.14258

-0.517578 -1.14972
-0.5141 -1.15234

-0.546875 -1.12735
-0.539677 -1.13281

-0.498047 -1.16482
-0.501591 -1.16211

-0.507812 -1.15719
-0.501467 -1.16211

-0.498047 -1.16479
-0.488981 -1.17188

-0.615234 -1.07602
-0.617661 -1.07422

-0.615234 -1.07601
-0.605469 -1.08334

-0.625 -1.06865
-0.617597 -1.07422

-0.595703 -1.09066
-0.604611 -1.08398

-0.605469 -1.08335
-0.604612 -1.08398

-0.595703 -1.09069
-0.59155 -1.09375

-0.439453 -1.21165
-0.440325 -1.21094

-0.439453 -1.21163
-0.429688 -1.2197

-0.458984 -1.19573
-0.46442 -1.19141

-0.449219 -1.20368
-0.452339 -1.20117

-0.458984 -1.19571
-0.45223 -1.20117

-0.46875 -1.18791
-0.464304 -1.19141

-0.449219 -1.20364
-0.440297 -1.21094

-0.410156 -1.23603
-0.416816 -1.23047

-0.419922 -1.22783
-0.428487 -1.2207

-0.429688 -1.21967
-0.428438 -1.2207

-0.419922 -1.22781
-0.416714 -1.23047

-0.400391 -1.24426
-0.405234 -1.24023

-0.410156 -1.23604
-0.405097 -1.24023

-0.400391 -1.24426
-0.393593 -1.25

-1.236 0
-1.23593 0.00976562

-1.23593 0.00976562
-1.23578 0.0195312

-1.23578 0.0195312
-1.23556 0.0292969

-1.23556 0.0292969
-1.23526 0.0390625

-1.23526 0.0390625
-1.23488 0.0488281

-1.23488 0.0488281
-1.23443 0.0585938

-1.23443 0.0585938
-1.23391 0.0683594

-1.23391 0.0683594
-1.23331 0.078125

-1.23331 0.078125
-1.23263 0.0878906

-1.23263 0.0878906
-1.23188 0.0976562

-1.23188 0.0976562
-1.23105 0.107422

-1.23105 0.107422
-1.23047 0.113709

-1.23047 0.113713
-1.23015 0.117188

-1.23015 0.117188
-1.22916 0.126953

-1.22916 0.126953
-1.22809 0.136719

-1.22809 0.136719
-1.22695 0.146484

-1.22695 0.146484
-1.22572 0.15625

-1.22572 0.15625
-1.22442 0.166016

-1.22442 0.166016
-1.22304 0.175781

-1.22304 0.175781
-1.22157 0.185547

-1.22157 0.185547
-1.2207 0.191068

-1.2207 0.191075
-1.22003 0.195312

-1.22003 0.195312
-1.21841 0.205078

-1.21841 0.205078
-1.21671 0.214844

-1.21671 0.214844
-1.21493 0.224609

-1.21493 0.224609
-1.21307 0.234375

-1.21307 0.234375
-1.21113 0.244141

-1.21113 0.244141
-1.21094 0.245076

-1.21094 0.245077
-1.20911 0.253906

-1.20911 0.253906
-1.20701 0.263672

-1.20701 0.263672
-1.20482 0.273438

-1.20482 0.273438
-1.20256 0.283203

-1.20256 0.283203
-1.20117 0.288976

-1.20117 0.288983
-1.20021 0.292969

-1.20021 0.292969
-1.19779 0.302734

-1.19779 0.302734
-1.19528 0.3125

-1.19528 0.3125
-1.19268 0.322266

-1.19268 0.322266
-1.19141 0.326917

-1.19141 0.32693
-1.19001 0.332031

-1.19001 0.332031
-1.18724 0.341797

-1.18724 0.341797
-1.1844 0.351562

-1.1844 0.351562
-1.18164 0.360737

-1.18164 0.360739
-1.18146 0.361328

-1.18146 0.361328
-1.17844 0.371094

-1.17844 0.371094
-1.17533 0.380859

-1.17533 0.380859
-1.17214 0.390625

-1.17214 0.390625
-1.17188 0.391413

-1.17188 0.391415
-1.16886 0.400391

-1.16886 0.400391
-1.16549 0.410156

-1.16549 0.410156
-1.16211 0.419681

-1.16211 0.41968
-1.16202 0.419922

-1.16202 0.419922
-1.15847 0.429688

-1.15847 0.429688
-1.15483 0.439453

-1.15483 0.439453
-1.15234 0.445948

-1.15234 0.445964
-1.1511 0.449219

-1.15109 0.449219
-1.14727 0.458984

-1.14727 0.458984
-1.14334 0.46875

-1.14334 0.46875
-1.14258 0.4706

-1.14258 0.470609
-1.13932 0.478516

-1.13932 0.478516
-1.13521 0.488281

-1.13521 0.488281
-1.13281 0.493835

-1.13281 0.493854
-1.131 0.498047

-1.131 0.498047
-1.12669 0.507812

-1.12669 0.507812
-1.12305 0.515889

-1.12305 0.515897
-1.12229 0.517578

-1.12229 0.517578
-1.11778 0.527344

-1.11778 0.527344
-1.11328 0.536884

-1.11328 0.536883
-1.11317 0.537109

-1.11318 0.537109
-1.10847 0.546875

-1.10847 0.546875
-1.10366 0.556641

-1.10366 0.556641
-1.10352 0.556921

-1.10352 0.556923
-1.09874 0.566406

-1.09874 0.566406
-1.09375 0.576122

-1.09375 0.576083
-1.08863 0.585938

-1.08859 0.585938
-1.08398 0.59451

-1.08398 0.594517
-1.08335 0.595703

-1.08334 0.595703
-1.07799 0.605469

-1.07799 0.605469
-1.07422 0.612196

-1.07422 0.612214
-1.07253 0.615234

-1.07252 0.615234
-1.06694 0.625

-1.06693 0.625
-1.06445 0.629253

-1.06445 0.629279
-1.06125 0.634766

-1.06125 0.634766
-1.05544 0.644531

-1.05543 0.644531
-1.05469 0.645777

-1.05469 0.645768
-1.04951 0.654297

-1.04951 0.654297
-1.04492 0.6617

-1.04492 0.661718
-1.04348 0.664062

-1.04346 0.664062
-1.03729 0.673828

-1.03728 0.673828
-1.03516 0.677135

-1.03516 0.677147
-1.031 0.683594

-1.03099 0.683594
-1.02539 0.692107

-1.02539 0.692119
-1.02459 0.693359

-1.02457 0.693359
-1.01801 0.703125

-1.018 0.703125
-1.01562 0.706623

-1.01562 0.706617
-1.01133 0.712891

-1.01132 0.712891
-1.00586 0.720707

-1.00586 0.720726
-1.00453 0.722656

-1.0045 0.722656
-0.997542 0.732422

-0.997535 0.732422
-0.996094 0.734448

-0.996094 0.734411
-0.99044 0.742188

-0.990421 0.742188
-0.986328 0.747719

-0.986328 0.747746
-0.98324 0.751953

-0.9832 0.751953
-0.976562 0.760722

-0.976562 0.760733
-0.975817 0.761719

-0.97581 0.761719
-0.968269 0.771484

-0.968263 0.771484
-0.966797 0.773373

-0.966797 0.77335
-0.960573 0.78125

-0.960537 0.78125
-0.957031 0.785704

-0.957031 0.785641
-0.952751 0.791016

-0.952703 0.791016
-0.947266 0.797671

-0.947266 0.797715
-0.944764 0.800781

-0.944726 0.800781
-0.9375 0.809418

-0.9375 0.809335
-0.928287 0.820312

-0.928171 0.820312
-0.927734 0.820814

-0.927734 0.820814
-0.919583 0.830078

-0.919576 0.830078
-0.917969 0.831885

-0.917969 0.831875
-0.910819 0.839844

-0.91078 0.839844
-0.908203 0.842686

-0.908203 0.842682
-0.901908 0.849609

-0.901852 0.849609
-0.898438 0.853294

-0.898438 0.853281
-0.892738 0.859375

-0.892714 0.859375
-0.888672 0.863648

-0.888672 0.863638
-0.883423 0.869141

-0.883397 0.869141
-0.878906 0.873782

-0.878906 0.873776
-0.87389 0.878906

-0.873878 0.878906
-0.869141 0.883692

-0.869141 0.883696
-0.864158 0.888672

-0.864154 0.888672
-0.859375 0.893391

-0.859375 0.8934
-0.854217 0.898438

-0.854223 0.898438
-0.849609 0.902891

-0.849609 0.902907
-0.844043 0.908203

-0.844077 0.908203
-0.839844 0.9122

-0.839844 0.912221
-0.833645 0.917969

-0.833697 0.917969
-0.830078 0.921312

-0.830078 0.921332
-0.823021 0.927734

-0.823091 0.927734
-0.820312 0.930248

-0.820312 0.930263
-0.812167 0.9375

-0.812219 0.9375
-0.810547 0.938982

-0.810547 0.938981
-0.801106 0.947266

-0.801103 0.947266
-0.800781 0.947545

-0.800781 0.947547
-0.791016 0.955945

-0.791016 0.955933
-0.78972 0.957031

-0.789728 0.957031
-0.78125 0.964178

-0.78125 0.964221
-0.766145 0.976562

-0.766175 0.976562
-0.761719 0.980091

-0.761719 0.980123
-0.753888 0.986328

-0.753888 0.986328
-0.751953 0.987838

-0.751953 0.987858
-0.742188 0.995443

-0.742188 0.99544
-0.741327 0.996094

-0.741332 0.996094
-0.732422 1.00288

-0.732422 1.00288
-0.728379 1.00586

-0.728447 1.00586
-0.722656 1.01017

-0.722656 1.01017
-0.715206 1.01562

-0.715208 1.01562
-0.712891 1.01728

-0.712891 1.01731
-0.703125 1.02433

-0.703125 1.02432
-0.701588 1.02539

-0.701613 1.02539
-0.693359 1.0312

-0.693359 1.0312
-0.687626 1.03516

-0.687643 1.03516
-0.683594 1.03793

-0.683594 1.03794
-0.673828 1.04455

-0.673828 1.04455
-0.673265 1.04492

-0.673274 1.04492
-0.664062 1.05104

-0.664062 1.05105
-0.658403 1.05469

-0.65848 1.05469
-0.654297 1.05741

-0.654297 1.0574
-0.644531 1.06363

-0.644531 1.06363
-0.6432 1.06445

-0.643222 1.06445
-0.634766 1.06975

-0.634766 1.06975
-0.627477 1.07422

-0.627484 1.07422
-0.625 1.07574

-0.625 1.07574
-0.615234 1.08161

-0.615234 1.08161
-0.611209 1.08398

-0.611219 1.08398
-0.605469 1.08737

-0.605469 1.08737
-0.595703 1.09302

-0.595703 1.09301
-0.594401 1.09375

-0.594406 1.09375
-0.585938 1.09855

-0.585938 1.09855
-0.576982 1.10352

-0.576981 1.10352
-0.576172 1.10396

-0.576172 1.10396
-0.566406 1.10927

-0.566406 1.10927
-0.558878 1.11328

-0.55888 1.11328
-0.556641 1.11447

-0.556641 1.11447
-0.546875 1.11957

-0.546875 1.11956
-0.540057 1.12305

-0.540058 1.12305
-0.537109 1.12455

-0.537109 1.12455
-0.527344 1.12944

-0.527344 1.12943
-0.520443 1.13281

-0.520444 1.13281
-0.517578 1.13422

-0.517578 1.13421
-0.507812 1.13889

-0.507812 1.13889
-0.499953 1.14258

-0.499951 1.14258
-0.498047 1.14347

-0.498047 1.14347
-0.488281 1.14795

-0.488281 1.14795
-0.478516 1.15233

-0.478516 1.15233
-0.478491 1.15234

-0.478487 1.15234
-0.46875 1.15662

-0.46875 1.15662
-0.458984 1.16081

-0.458984 1.16081
-0.455877 1.16211

-0.455877 1.16211
-0.449219 1.1649

-0.449219 1.1649
-0.439453 1.1689

-0.439453 1.1689
-0.432033 1.17188

-0.432033 1.17188
-0.429688 1.17283

-0.429688 1.17282
-0.419922 1.17664

-0.419922 1.17664
-0.410156 1.18037

-0.410156 1.18037
-0.406744 1.18164

-0.40674 1.18164
-0.400391 1.18401

-0.400391 1.18401
-0.390625 1.18756

-0.390625 1.18756
-0.380859 1.19103

-0.380859 1.19102
-0.379756 1.19141

-0.379756 1.19141
-0.371094 1.1944

-0.371094 1.1944
-0.361328 1.1977

-0.361328 1.1977
-0.351562 1.20091

-0.351562 1.20091
-0.350733 1.20117

-0.35073 1.20117
-0.341797 1.20403

-0.341797 1.20403
-0.332031 1.20708

-0.332031 1.20708
-0.322266 1.21004

-0.322266 1.21004
-0.319209 1.21094

-0.319199 1.21094
-0.3125 1.21291

-0.3125 1.21291
-0.302734 1.21571

-0.302734 1.21571
-0.292969 1.21842

-0.292969 1.21842
-0.284507 1.2207

-0.2845 1.2207
-0.283203 1.22105

-0.283203 1.22105
-0.273438 1.22361

-0.273438 1.22361
-0.263672 1.22608

-0.263672 1.22608
-0.253906 1.22847

-0.253906 1.22847
-0.245448 1.23047

-0.245437 1.23047
-0.244141 1.23078

-0.244141 1.23078
-0.234375 1.23301

-0.234375 1.23301
-0.224609 1.23516

-0.224609 1.23516
-0.214844 1.23724

-0.214844 1.23724
-0.205078 1.23924

-0.205078 1.23924
-0.200054 1.24023

-0.200049 1.24023
-0.195312 1.24117

-0.195312 1.24117
-0.185547 1.24302

-0.185547 1.24302
-0.175781 1.2448

-0.175781 1.2448
-0.166016 1.24651

-0.166016 1.24651
-0.15625 1.24814

-0.15625 1.24814
-0.146484 1.2497

-0.146484 1.2497
-0.144507 1.25

-0.144487 1.25
-0.136719 1.25118

-0.136719 1.25118
-0.126953 1.25258

-0.126953 1.25258
-0.117188 1.25391

-0.117188 1.25392
-0.107422 1.25517

-0.107422 1.25517
-0.0976562 1.25636

-0.0976562 1.25636
-0.0878906 1.25747

-0.0878906 1.25747
-0.078125 1.25851

-0.078125 1.25851
-0.0683594 1.25948

-0.0683594 1.25948
-0.0652613 1.25977

-0.0652347 1.25977
-0.0585938 1.26038

-0.0585938 1.26038
-0.0488281 1.2612

-0.0488281 1.2612
-0.0390625 1.26195

-0.0390625 1.26195
-0.0292969 1.26263

-0.0292969 1.26263
-0.0195312 1.26325

-0.0195312 1.26325
-0.00976562 1.26378

-0.00976562 1.26378
0 1.26425

0.585938 -1.87813
0.568 -1.875

0.585938 -1.87811
0.595703 -1.87967

0.595703 -1.87967
0.605469 -1.88113

0.605469 -1.88113
0.615234 -1.8825

0.615234 -1.8825
0.625 -1.88378

0.0585938 -1.64505
0.0525486 -1.64062

0.0683594 -1.65209
0.0659496 -1.65039

0.0585938 -1.64501
0.066035 -1.65039

0.0683594 -1.65208
0.078125 -1.65903

0.00976562 -1.60828
0.00117404 -1.60156

0.0195312 -1.61584
0.0136635 -1.61133

0.00976562 -1.60825
0.0138211 -1.61133

0.0292969 -1.62333
0.0263141 -1.62109

0.0292969 -1.62326
0.0390625 -1.63061

0.0195312 -1.61578
0.026501 -1.62109

0 -1.6006
0.00123596 -1.60156

0.0488281 -1.63787
0.0393924 -1.63086

0.0390625 -1.6306
0.0394078 -1.63086

0.0488281 -1.63784
0.052684 -1.64062

0.117188 -1.68585
0.108044 -1.67969

0.0878906 -1.6659
0.0797132 -1.66016

0.0976562 -1.67263
0.0937094 -1.66992

0.0878906 -1.66589
0.0937223 -1.66992

0.078125 -1.659
0.0797947 -1.66016

0.0976562 -1.67264
0.107422 -1.67929

0.107422 -1.67929
0.108026 -1.67969

0.126953 -1.69229
0.122641 -1.68945

0.117188 -1.68581
0.12271 -1.68945

0.126953 -1.69227
0.136719 -1.6986

0.146484 -1.70484
0.137678 -1.69922

0.15625 -1.71098
0.153063 -1.70898

0.146484 -1.70482
0.153114 -1.70898

0.136719 -1.69858
0.137753 -1.69922

0.175781 -1.72292
0.168905 -1.71875

0.185547 -1.72871
0.185212 -1.72852

0.175781 -1.7229
0.185219 -1.72852

0.185547 -1.72871
0.195312 -1.73441

0.205078 -1.74002
0.202051 -1.73828

0.205078 -1.74001
0.214844 -1.7455

0.195312 -1.73441
0.202064 -1.73828

0.224609 -1.75086
0.219508 -1.74805

0.214844 -1.74553
0.219403 -1.74805

0.224609 -1.75089
0.234375 -1.75616

0.244141 -1.76134
0.237474 -1.75781

0.244141 -1.76133
0.253906 -1.7664

0.263672 -1.77136
0.256216 -1.76758

0.253906 -1.76637
0.256293 -1.76758

0.263672 -1.77136
0.273438 -1.77621

0.234375 -1.75615
0.237549 -1.75781

0.283203 -1.78097
0.275744 -1.77734

0.283203 -1.78096
0.292969 -1.78561

0.273438 -1.77618
0.275834 -1.77734

0.302734 -1.79014
0.296224 -1.78711

0.292969 -1.78565
0.29611 -1.78711

0.302734 -1.79016
0.3125 -1.7946

0.15625 -1.71096
0.166016 -1.71698

0.166016 -1.71695
0.168992 -1.71875

0.322266 -1.79894
0.317623 -1.79688

0.322266 -1.79893
0.332031 -1.80316

0.341797 -1.8073
0.340242 -1.80664

0.332031 -1.80316
0.340253 -1.80664

0.341797 -1.80729
0.351562 -1.81132

0.371094 -1.81906
0.364313 -1.81641

0.351562 -1.81132
0.361328 -1.81525

0.361328 -1.81528
0.364202 -1.81641

0.371094 -1.81908
0.380859 -1.8228

0.390625 -1.82641
0.389972 -1.82617

0.380859 -1.8228
0.389949 -1.82617

0.3125 -1.7946
0.317675 -1.79688

0.429688 -1.83993
0.417776 -1.83594

0.390625 -1.82642
0.400391 -1.82994

0.400391 -1.82994
0.410156 -1.83336

0.410156 -1.83337
0.417715 -1.83594

0.429688 -1.8399
0.439453 -1.84303

0.449219 -1.84606
0.448083 -1.8457

0.439453 -1.84303
0.448078 -1.8457

0.449219 -1.84606
0.458984 -1.84898

0.458984 -1.84898
0.46875 -1.85181

0.488281 -1.85716
0.482024 -1.85547

0.46875 -1.85181
0.478516 -1.85455

0.478516 -1.85459
0.48178 -1.85547

0.488281 -1.85718
0.498047 -1.85971

0.498047 -1.85971
0.507812 -1.86215

0.507812 -1.86215
0.517578 -1.86449

0.527344 -1.8667
0.520933 -1.86523

0.517578 -1.86453
0.520633 -1.86523

0.527344 -1.86673
0.537109 -1.86887

0.537109 -1.86887
0.546875 -1.87091

0.546875 -1.87091
0.556641 -1.87285

0.556641 -1.87285
0.566406 -1.8747

0.566406 -1.87473
0.567939 -1.875

0.634766 -1.88495
0.633219 -1.88477

0.625 -1.88378
0.633184 -1.88477

0.634766 -1.88496
0.644531 -1.88604

0.644531 -1.88604
0.654297 -1.88703

0.654297 -1.88703
0.664062 -1.88792

0.664062 -1.88792
0.673828 -1.88872

0.673828 -1.88872
0.683594 -1.88942

0.683594 -1.88942
0.693359 -1.89003

0.693359 -1.89003
0.703125 -1.89054

0.703125 -1.89054
0.712891 -1.89096

0.712891 -1.89096
0.722656 -1.89128

0.722656 -1.89128
0.732422 -1.8915

0.732422 -1.8915
0.742188 -1.89163

0.742188 -1.89163
0.751953 -1.89166

0.751953 -1.89166
0.761719 -1.8916

0.761719 -1.8916
0.771484 -1.89143

0.771484 -1.89143
0.78125 -1.89118

0.78125 -1.89118
0.791016 -1.89082

0.791016 -1.89082
0.800781 -1.89037

0.800781 -1.89037
0.810547 -1.88982

0.810547 -1.88982
0.820312 -1.88917

0.820312 -1.88917
0.830078 -1.88842

0.830078 -1.88842
0.839844 -1.88757

0.839844 -1.88757
0.849609 -1.88663

0.849609 -1.88663
0.859375 -1.88558

0.859375 -1.88558
0.866299 -1.88477

0.866369 -1.88477
0.869141 -1.88444

0.869141 -1.88443
0.878906 -1.88319

0.878906 -1.88319
0.888672 -1.88184

0.888672 -1.88184
0.898438 -1.88039

0.898438 -1.88039
0.908203 -1.87884

0.908203 -1.87884
0.917969 -1.87719

0.917969 -1.87719
0.927734 -1.87543

0.927734 -1.8754
0.929843 -1.875

0.929924 -1.875
0.9375 -1.8736

0.9375 -1.87357
0.947266 -1.8716

0.947266 -1.8716
0.957031 -1.86953

0.957031 -1.86953
0.966797 -1.86736

0.966797 -1.86735
0.975863 -1.86523

0.976027 -1.86523
0.976562 -1.86511

0.976562 -1.86507
0.986328 -1.86268

0.986328 -1.86268
0.996094 -1.86018

0.996094 -1.86018
1.00586 -1.85758

1.00586 -1.85758
1.01345 -1.85547

1.01344 -1.85547
1.01562 -1.85486

1.01562 -1.85486
1.02539 -1.85204

1.02539 -1.85204
1.03516 -1.8491

1.03516 -1.8491
1.04492 -1.84605

1.04492 -1.84605
1.04599 -1.8457

1.04601 -1.8457
1.05469 -1.84289

1.05469 -1.84289
1.06445 -1.83962

1.06445 -1.83962
1.07422 -1.83622

1.07422 -1.83624
1.07506 -1.83594

1.07508 -1.83594
1.09375 -1.82912

1.09375 -1.82908
1.10132 -1.82617

1.10145 -1.82617
1.10352 -1.82538

1.10352 -1.82534
1.11328 -1.82147

1.11328 -1.82147
1.12305 -1.81748

1.12305 -1.81748
1.12559 -1.81641

1.1256 -1.81641
1.13281 -1.81337

1.13281 -1.81337
1.14258 -1.80913

1.14258 -1.80911
1.14811 -1.80664

1.14819 -1.80664
1.15234 -1.80478

1.15234 -1.80476
1.16211 -1.80027

1.16211 -1.80025
1.16924 -1.79688

1.16933 -1.79688
1.17188 -1.79569

1.17188 -1.79564
1.18164 -1.79088

1.18164 -1.79087
1.18914 -1.78711

1.18923 -1.78711
1.19141 -1.78602

1.19141 -1.78599
1.20117 -1.78095

1.20117 -1.78095
1.20798 -1.77734

1.20802 -1.77734
1.21094 -1.7758

1.21094 -1.77578
1.2207 -1.77047

1.2207 -1.77044
1.22583 -1.76758

1.22593 -1.76758
1.23047 -1.76504

1.23047 -1.76501
1.24023 -1.75941

1.24023 -1.75937
1.24288 -1.75781

1.24293 -1.75781
1.25 -1.7537

1.25 -1.75366
1.25928 -1.74805

1.25931 -1.74805
1.25977 -1.74778

1.25977 -1.74775
1.26953 -1.74169

1.26953 -1.74168
1.27487 -1.73828

1.27493 -1.73828
1.2793 -1.7355

1.2793 -1.73548
1.28906 -1.7291

1.28906 -1.72914
1.30438 -1.71875

1.30441 -1.71875
1.30859 -1.71588

1.30859 -1.71585
1.31834 -1.70898

1.31834 -1.70898
1.31836 -1.70897

1.31836 -1.70897
1.32812 -1.70191

1.32812 -1.70188
1.3318 -1.69922

1.33176 -1.69922
1.33789 -1.69468

1.33789 -1.69466
1.34474 -1.68945

1.34481 -1.68945
1.34766 -1.68731

1.34766 -1.68726
1.35737 -1.67969

1.35738 -1.67969
1.35742 -1.67965

1.35742 -1.67965
1.36719 -1.67185

1.36719 -1.67183
1.36956 -1.66992

1.36954 -1.66992
1.37695 -1.66385

1.37695 -1.66382
1.38139 -1.66016

1.38132 -1.66016
1.38672 -1.65568

1.38672 -1.6556
1.39285 -1.65039

1.39284 -1.65039
1.39648 -1.64726

1.39648 -1.64723
1.40399 -1.64062

1.40396 -1.64062
1.40625 -1.63859

1.40625 -1.63861
1.4148 -1.63086

1.4148 -1.63086
1.41602 -1.62975

1.41602 -1.62976
1.42533 -1.62109

1.42534 -1.62109
1.42578 -1.62068

1.42578 -1.62068
1.43555 -1.61136

1.43555 -1.61136
1.43558 -1.61133

1.43558 -1.61133
1.44531 -1.6018

1.44531 -1.6018
1.44555 -1.60156

1.44555 -1.60156
1.45508 -1.59198

1.45508 -1.59198
1.45525 -1.5918

1.45525 -1.5918
1.46471 -1.58203

1.46471 -1.58203
1.46484 -1.58189

1.46484 -1.58189
1.47393 -1.57227

1.47393 -1.57227
1.47461 -1.57154

1.47461 -1.57153
1.48292 -1.5625

1.4829 -1.5625
1.48438 -1.56087

1.48438 -1.56089
1.49169 -1.55273

1.49167 -1.55273
1.49414 -1.54992

1.49414 -1.54997
1.50023 -1.54297

1.50025 -1.54297
1.50391 -1.53867

1.50391 -1.53875
1.50856 -1.5332

1.5086 -1.5332
1.51367 -1.52708

1.51367 -1.52719
1.51676 -1.52344

1.5168 -1.52344
1.52344 -1.51516

1.52344 -1.51529
1.52474 -1.51367

1.52471 -1.51367
1.53249 -1.50391

1.53247 -1.50391
1.5332 -1.50296

1.5332 -1.50299
1.54009 -1.49414

1.54009 -1.49414
1.54297 -1.4903

1.54297 -1.49037
1.54751 -1.48438

1.5475 -1.48438
1.55273 -1.47733

1.55273 -1.47739
1.55475 -1.47461

1.55476 -1.47461
1.56185 -1.46484

1.56187 -1.46484
1.5625 -1.46395

1.5625 -1.46398
1.57559 -1.44531

1.57555 -1.44531
1.58203 -1.43574

1.58203 -1.43572
1.58215 -1.43555

1.58216 -1.43555
1.58863 -1.42578

1.58859 -1.42578
1.5918 -1.42084

1.5918 -1.42095
1.59499 -1.41602

1.59496 -1.41602
1.60114 -1.40625

1.6011 -1.40625
1.60156 -1.40547

1.60156 -1.40558
1.6072 -1.39648

1.60718 -1.39648
1.61133 -1.38964

1.61133 -1.38971
1.61314 -1.38672

1.61311 -1.38672
1.6189 -1.37695

1.61887 -1.37695
1.62109 -1.37312

1.62109 -1.3732
1.62458 -1.36719

1.62456 -1.36719
1.6301 -1.35742

1.63004 -1.35742
1.63086 -1.35595

1.63086 -1.35606
1.63552 -1.34766

1.63551 -1.34766
1.64062 -1.33822

1.64062 -1.33817
1.64601 -1.32812

1.64597 -1.32812
1.65039 -1.31959

1.65039 -1.31961
1.65104 -1.31836

1.65103 -1.31836
1.65597 -1.30859

1.65597 -1.30859
1.66016 -1.30012

1.66016 -1.30014
1.6608 -1.29883

1.6608 -1.29883
1.66552 -1.28906

1.66552 -1.28906
1.66992 -1.27974

1.66992 -1.27975
1.67013 -1.2793

1.67013 -1.2793
1.67464 -1.26953

1.67464 -1.26953
1.67904 -1.25977

1.67899 -1.25977
1.67969 -1.25817

1.67969 -1.25828
1.68338 -1.25

1.68335 -1.25
1.68755 -1.24023

1.68752 -1.24023
1.68945 -1.23564

1.68945 -1.23575
1.69167 -1.23047

1.69165 -1.23047
1.69566 -1.2207

1.69566 -1.2207
1.69922 -1.21181

1.69922 -1.21181
1.69957 -1.21094

1.69957 -1.21094
1.70339 -1.20117

1.70338 -1.20117
1.70711 -1.19141

1.70709 -1.19141
1.70898 -1.18632

1.70898 -1.18641
1.71076 -1.18164

1.71074 -1.18164
1.71428 -1.17188

1.7143 -1.17188
1.71875 -1.15915

1.71875 -1.1592
1.72112 -1.15234

1.72111 -1.15234
1.72439 -1.14258

1.72439 -1.14258
1.72759 -1.13281

1.72755 -1.13281
1.72852 -1.12978

1.72852 -1.12997
1.73072 -1.12305

1.73071 -1.12305
1.73374 -1.11328

1.73373 -1.11328
1.73668 -1.10352

1.73667 -1.10352
1.73828 -1.09803

1.73828 -1.0981
1.73956 -1.09375

1.73955 -1.09375
1.74233 -1.08398

1.74233 -1.08398
1.74504 -1.07422

1.74504 -1.07422
1.74766 -1.06445

1.74759 -1.06445
1.74805 -1.06271

1.74805 -1.06302
1.75022 -1.05469

1.75021 -1.05469
1.75268 -1.04492

1.75268 -1.04492
1.75507 -1.03516

1.75507 -1.03516
1.75739 -1.02539

1.75733 -1.02539
1.75781 -1.02327

1.75781 -1.02354
1.75966 -1.01562

1.75963 -1.01562
1.7618 -1.00586

1.7618 -1.00586
1.76389 -0.996094

1.76389 -0.996094
1.76591 -0.986328

1.76591 -0.986328
1.76758 -0.977983

1.76758 -0.978008
1.76787 -0.976562

1.76786 -0.976562
1.76974 -0.966797

1.76974 -0.966797
1.77154 -0.957031

1.77154 -0.957031
1.77328 -0.947266

1.77328 -0.947266
1.77494 -0.9375

1.77494 -0.9375
1.77654 -0.927734

1.77653 -0.927734
1.77734 -0.922544

1.77734 -0.922578
1.77806 -0.917969

1.77806 -0.917969
1.77952 -0.908203

1.77952 -0.908203
1.7809 -0.898438

1.7809 -0.898438
1.78222 -0.888672

1.78222 -0.888672
1.78348 -0.878906

1.78348 -0.878906
1.78466 -0.869141

1.78466 -0.869141
1.78579 -0.859375

1.78579 -0.859375
1.78685 -0.849609

1.78682 -0.849609
1.78711 -0.846766

1.78711 -0.847143
1.78785 -0.839844

1.78784 -0.839844
1.78878 -0.830078

1.78878 -0.830078
1.78965 -0.820312

1.78965 -0.820312
1.79046 -0.810547

1.79046 -0.810547
1.7912 -0.800781

1.7912 -0.800781
1.79189 -0.791016

1.79189 -0.791016
1.79252 -0.78125

1.79252 -0.78125
1.79308 -0.771484

1.79308 -0.771484
1.79359 -0.761719

1.79359 -0.761719
1.79404 -0.751953

1.79404 -0.751953
1.79443 -0.742188

1.79443 -0.742188
1.79476 -0.732422

1.79476 -0.732422
1.79503 -0.722656

1.79503 -0.722656
1.79525 -0.712891

1.79525 -0.712891
1.79541 -0.703125

1.79541 -0.703125
1.79551 -0.693359

1.79551 -0.693359
1.79555 -0.683594

1.79555 -0.683594
1.79554 -0.673828

1.79554 -0.673828
1.79546 -0.664062

1.79546 -0.664062
1.79534 -0.654297

1.79534 -0.654297
1.79515 -0.644531

1.79515 -0.644531
1.79491 -0.634766

1.79491 -0.634766
1.79461 -0.625

1.79461 -0.625
1.79426 -0.615234

1.79426 -0.615234
1.79386 -0.605469

1.79386 -0.605469
1.7934 -0.595703

1.7934 -0.595703
1.79288 -0.585938

1.79288 -0.585938
1.79231 -0.576172

1.79231 -0.576172
1.79169 -0.566406

1.79169 -0.566406
1.79102 -0.556641

1.79102 -0.556641
1.79029 -0.546875

1.79029 -0.546875
1.78951 -0.537109

1.78951 -0.537109
1.78868 -0.527344

1.78711 -0.510029
1.7869 -0.507812

1.78868 -0.527344
1.7878 -0.517578

1.78711 -0.510484
1.78779 -0.517578

1.78687 -0.507812
1.78588 -0.498047

1.78588 -0.498047
1.78485 -0.488281

1.78485 -0.488281
1.78376 -0.478516

1.78376 -0.478516
1.78262 -0.46875

1.78262 -0.46875
1.78144 -0.458984

1.78144 -0.458984
1.7802 -0.449219

1.7802 -0.449219
1.77891 -0.439453

1.77891 -0.439453
1.77757 -0.429688

1.77734 -0.428039
1.77619 -0.419922

1.77618 -0.419922
1.77474 -0.410156

1.77474 -0.410156
1.77324 -0.400391

1.77324 -0.400391
1.77168 -0.390625

1.77734 -0.428236
1.77755 -0.429688

1.75781 -0.314682
1.75738 -0.3125

1.77168 -0.390625
1.77007 -0.380859

1.77007 -0.380859
1.76841 -0.371094

1.76758 -0.366148
1.76673 -0.361328

1.76669 -0.361328
1.76492 -0.351562

1.76758 -0.366599
1.76837 -0.371094

1.76492 -0.351562
1.7631 -0.341797

1.7631 -0.341797
1.76123 -0.332031

1.76123 -0.332031
1.7593 -0.322266

1.75781 -0.315033
1.75928 -0.322266

1.71875 -0.156472
1.71869 -0.15625

1.71868 -0.15625
1.71584 -0.146484

1.71584 -0.146484
1.71294 -0.136719

1.70898 -0.123617
1.70702 -0.117188

1.71294 -0.136719
1.71 -0.126953

1.70898 -0.123663
1.70999 -0.126953

1.69922 -0.092424
1.69776 -0.0878906

1.69776 -0.0878906
1.69457 -0.078125

1.70701 -0.117188
1.70397 -0.107422

1.70397 -0.107422
1.70089 -0.0976562

1.69922 -0.0924721
1.70088 -0.0976562

1.67969 -0.0343083
1.67792 -0.0292969

1.67789 -0.0292969
1.6744 -0.0195312

1.66992 -0.00718291
1.66728 0

1.6744 -0.0195312
1.67086 -0.00976562

1.66992 -0.00728676
1.67083 -0.00976562

1.68945 -0.0626297
1.6881 -0.0585938

1.69457 -0.078125
1.69134 -0.0683594

1.68945 -0.0628396
1.69131 -0.0683594

1.68806 -0.0585938
1.68472 -0.0488281

1.68472 -0.0488281
1.68133 -0.0390625

1.67969 -0.0345043
1.6813 -0.0390625

1.75732 -0.3125
1.75528 -0.302734

1.75528 -0.302734
1.7532 -0.292969

1.7532 -0.292969
1.75106 -0.283203

1.75106 -0.283203
1.74888 -0.273438

1.74805 -0.269777
1.74665 -0.263672

1.74664 -0.263672
1.74435 -0.253906

1.74805 -0.269886
1.74886 -0.273438

1.74435 -0.253906
1.74202 -0.244141

1.74202 -0.244141
1.73963 -0.234375

1.73828 -0.228831
1.73723 -0.224609

1.73719 -0.224609
1.7347 -0.214844

1.7347 -0.214844
1.73216 -0.205078

1.73216 -0.205078
1.72956 -0.195312

1.73828 -0.229101
1.7396 -0.234375

1.72852 -0.191358
1.72694 -0.185547

1.72692 -0.185547
1.72422 -0.175781

1.72852 -0.191577
1.72953 -0.195312

1.72422 -0.175781
1.72148 -0.166016

1.71875 -0.156488
1.72148 -0.166016

0.273438 1.24909
0.267227 1.25

0.273438 1.24907
0.283203 1.24754

0.283203 1.24753
0.292969 1.24593

0.292969 1.24593
0.302734 1.24426

0.302734 1.24426
0.3125 1.24253

0.3125 1.24253
0.322266 1.24073

0.332031 1.23886
0.324851 1.24023

0.322266 1.24073
0.324864 1.24023

0.332031 1.23886
0.341797 1.23693

0.341797 1.23693
0.351562 1.23493

0.351562 1.23493
0.361328 1.23286

0.361328 1.23286
0.371094 1.23072

0.380859 1.22851
0.37221 1.23047

0.380859 1.22851
0.390625 1.22622

0.371094 1.23072
0.372206 1.23047

0.390625 1.22622
0.400391 1.22386

0.400391 1.22386
0.410156 1.22143

0.419922 1.21893
0.413008 1.2207

0.410156 1.22143
0.413002 1.2207

0.419922 1.21893
0.429688 1.21636

0.46875 1.20536
0.449461 1.21094

0.429688 1.21636
0.439453 1.21371

0.439453 1.21371
0.449219 1.21099

0.449219 1.21101
0.449467 1.21094

0.46875 1.20534
0.478516 1.20241

0.488281 1.19941
0.482544 1.20117

0.478516 1.20241
0.482539 1.20117

0.488281 1.19941
0.498047 1.19633

0.498047 1.19633
0.507812 1.19318

0.517578 1.18996
0.513205 1.19141

0.517578 1.18996
0.527344 1.18666

0.507812 1.19318
0.51318 1.19141

0.527344 1.18666
0.537109 1.18328

0.546875 1.17983
0.541751 1.18164

0.537109 1.18328
0.541742 1.18164

0.585938 1.1653
0.568633 1.17188

0.595703 1.16146
0.594049 1.16211

0.585938 1.16528
0.59405 1.16211

0.595703 1.16146
0.605469 1.15757

0.625 1.14955
0.618258 1.15234

0.605469 1.15757
0.615234 1.15359

0.615234 1.15359
0.618231 1.15234

0.546875 1.17983
0.556641 1.1763

0.556641 1.1763
0.566406 1.1727

0.566406 1.17272
0.56864 1.17188

0.751953 1.08956
0.743937 1.09375

0.751953 1.08956
0.761719 1.08436

0.78125 1.07372
0.780349 1.07422

0.771484 1.07909
0.762421 1.08398

0.761719 1.08436
0.762417 1.08398

0.771484 1.07909
0.780338 1.07422

0.664062 1.13254
0.663453 1.13281

0.625 1.14954
0.634766 1.14541

0.644531 1.1412
0.64134 1.14258

0.634766 1.14541
0.641325 1.14258

0.644531 1.1412
0.654297 1.13691

0.654297 1.13691
0.66345 1.13281

0.664062 1.13254
0.673828 1.12809

0.673828 1.12809
0.683594 1.12356

0.693359 1.11895
0.684685 1.12305

0.683594 1.12356
0.684678 1.12305

0.693359 1.11895
0.703125 1.11426

0.712891 1.10949
0.705134 1.11328

0.712891 1.10949
0.722656 1.10463

0.703125 1.11425
0.705114 1.11328

0.732422 1.09969
0.724861 1.10352

0.722656 1.10462
0.724843 1.10352

0.732422 1.09969
0.742188 1.09466

0.742188 1.09466
0.743914 1.09375

0.820312 1.0514
0.814652 1.05469

0.78125 1.07372
0.791016 1.06826

0.800781 1.06273
0.797738 1.06445

0.791016 1.06826
0.797718 1.06445

0.800781 1.06272
0.810547 1.05709

0.810547 1.05707
0.814622 1.05469

0.820312 1.05137
0.830078 1.04557

0.839844 1.03968
0.831155 1.04492

0.830078 1.04557
0.831168 1.04492

0.849609 1.03372
0.847254 1.03516

0.849609 1.0337
0.859375 1.02763

0.839844 1.03968
0.847231 1.03516

0.878906 1.01522
0.878258 1.01562

0.878906 1.0152
0.888672 1.00884

0.898438 1.00239
0.893192 1.00586

0.888672 1.00883
0.893162 1.00586

0.9375 0.975601
0.93611 0.976562

0.908203 0.995835
0.907813 0.996094

0.908203 0.995827
0.917969 0.989175

0.898438 1.00238
0.907805 0.996094

0.927734 0.982434
0.9221 0.986328

0.917969 0.989156
0.922081 0.986328

0.927734 0.982422
0.936093 0.976562

0.869141 1.02148
0.862942 1.02539

0.859375 1.02761
0.862899 1.02539

0.869141 1.02147
0.878245 1.01562

0.996094 0.932431
0.989448 0.9375

1.01562 0.917221
1.01467 0.917969

1.00586 0.924942
1.00219 0.927734

0.996094 0.932402
1.00214 0.927734

1.00586 0.924875
1.01465 0.917969

1.09375 0.851761
1.08502 0.859375

1.05469 0.88544
1.03895 0.898438

1.01562 0.917207
1.02539 0.909426

1.03516 0.901535
1.0269 0.908203

1.02539 0.909412
1.0269 0.908203

1.03516 0.901518
1.03897 0.898438

1.06445 0.877178
1.06241 0.878906

1.07422 0.868805
1.07383 0.869141

1.06445 0.877163
1.07382 0.869141

1.05469 0.885402
1.06238 0.878906

1.07422 0.8688
1.08398 0.860318

1.08398 0.860269
1.08501 0.859375

1.17188 0.778215
1.16882 0.78125

1.25 0.695651
1.24334 0.703125

1.21094 0.738156
1.20711 0.742188

1.19141 0.758499
1.18826 0.761719

1.18164 0.768431
1.17861 0.771484

1.17188 0.778197
1.17858 0.771484

1.18164 0.768404
1.18821 0.761719

1.20117 0.748391
1.19775 0.751953

1.19141 0.758458
1.19769 0.751953

1.20117 0.748373
1.20706 0.742188

1.23047 0.717205
1.22548 0.722656

1.2207 0.727762
1.21636 0.732422

1.21094 0.738137
1.2163 0.732422

1.2207 0.727748
1.22541 0.722656

1.24023 0.706476
1.23447 0.712891

1.23047 0.717205
1.2344 0.712891

1.24023 0.706529
1.2433 0.703125

1.13281 0.81602
1.12822 0.820312

1.11328 0.834186
1.10697 0.839844

1.10352 0.843002
1.0961 0.849609

1.09375 0.851689
1.09609 0.849609

1.10352 0.842933
1.10695 0.839844

1.12305 0.825174
1.11769 0.830078

1.11328 0.834084
1.11768 0.830078

1.12305 0.825117
1.12824 0.820312

1.15234 0.79741
1.14885 0.800781

1.14258 0.80679
1.13861 0.810547

1.13281 0.815992
1.13862 0.810547

1.14258 0.806744
1.14884 0.800781

1.16211 0.787872
1.1589 0.791016

1.15234 0.797371
1.1589 0.791016

1.16211 0.787853
1.16881 0.78125

0.9375 0.975579
0.947266 0.968636

0.957031 0.961592
0.949811 0.966797

0.947266 0.968628
0.949867 0.966797

0.966797 0.954514
0.963293 0.957031

0.976562 0.947224
0.976506 0.947266

0.966797 0.954462
0.976504 0.947266

0.957031 0.961581
0.963257 0.957031

0.976562 0.947223
0.986328 0.93988

0.986328 0.939861
0.989483 0.9375

0 1.26425
0.00976562 1.26465

0.00976562 1.26465
0.0195312 1.26498

0.0195312 1.26498
0.0292969 1.26523

0.0292969 1.26523
0.0390625 1.26542

0.0390625 1.26542
0.0488281 1.26554

0.0488281 1.26554
0.0585938 1.26558

0.0585938 1.26558
0.0683594 1.26556

0.0683594 1.26556
0.078125 1.26546

0.078125 1.26546
0.0878906 1.2653

0.0878906 1.2653
0.0976562 1.26506

0.0976562 1.26506
0.107422 1.26476

0.107422 1.26476
0.117188 1.26439

0.117188 1.26439
0.126953 1.26395

0.126953 1.26395
0.136719 1.26343

0.136719 1.26343
0.146484 1.26285

0.146484 1.26285
0.15625 1.2622

0.15625 1.2622
0.166016 1.26149

0.166016 1.26149
0.175781 1.2607

0.175781 1.2607
0.185547 1.25985

0.195312 1.25892
0.186394 1.25977

0.185547 1.25985
0.186403 1.25977

0.195312 1.25892
0.205078 1.25793

0.205078 1.25793
0.214844 1.25687

0.214844 1.25687
0.224609 1.25574

0.224609 1.25574
0.234375 1.25454

0.234375 1.25454
0.244141 1.25328

0.244141 1.25328
0.253906 1.25194

0.253906 1.25194
0.263672 1.25054

0.263672 1.25053
0.267223 1.25

1.52344 0.310876
1.52254 0.3125

1.5625 0.237925
1.55931 0.244141

1.55929 0.244141
1.55422 0.253906

1.55273 0.256764
1.54911 0.263672

1.54909 0.263672
1.5439 0.273438

1.55273 0.256691
1.5542 0.253906

1.54297 0.275183
1.53865 0.283203

1.53865 0.283203
1.53333 0.292969

1.5332 0.293207
1.52795 0.302734

1.52344 0.31083
1.52795 0.302734

1.5332 0.293198
1.53333 0.292969

1.54297 0.27513
1.54388 0.273438

1.32812 0.602853
1.32607 0.605469

1.31836 0.615079
1.31823 0.615234

1.31823 0.615234
1.31032 0.625

1.31836 0.615077
1.32605 0.605469

1.40625 0.497963
1.39937 0.507812

1.38672 0.525501
1.38541 0.527344

1.37695 0.538897
1.37107 0.546875

1.38538 0.527344
1.37826 0.537109

1.37695 0.538848
1.37821 0.537109

1.39648 0.511868
1.39242 0.517578

1.38672 0.525475
1.3924 0.517578

1.39648 0.511824
1.39931 0.507812

1.34766 0.577847
1.34141 0.585938

1.35742 0.565048
1.3564 0.566406

1.36719 0.552094
1.36382 0.556641

1.35742 0.565054
1.36377 0.556641

1.3564 0.566406
1.34894 0.576172

1.34766 0.577824
1.34892 0.576172

1.33789 0.590446
1.33381 0.595703

1.32812 0.60284
1.33377 0.595703

1.33789 0.590435
1.34134 0.585938

1.36719 0.552057
1.37099 0.546875

1.48438 0.377967
1.47669 0.390625

1.44531 0.440128
1.43935 0.449219

1.43555 0.454987
1.4329 0.458984

1.43288 0.458984
1.42633 0.46875

1.43555 0.454935
1.43934 0.449219

1.46484 0.409651
1.46454 0.410156

1.45508 0.425067
1.45212 0.429688

1.46453 0.410156
1.45834 0.419922

1.45508 0.424964
1.45831 0.419922

1.47461 0.393971
1.47064 0.400391

1.46484 0.409647
1.47063 0.400391

1.47461 0.393933
1.47665 0.390625

1.44531 0.440098
1.4521 0.429688

1.50391 0.345085
1.50013 0.351562

1.51367 0.328145
1.51146 0.332031

1.52251 0.3125
1.51701 0.322266

1.51367 0.328096
1.517 0.322266

1.51144 0.332031
1.50581 0.341797

1.50391 0.345022
1.50579 0.341797

1.49414 0.361691
1.48853 0.371094

1.50012 0.351562
1.49436 0.361328

1.49414 0.36168
1.49435 0.361328

1.48438 0.377981
1.48853 0.371094

1.41602 0.483913
1.41302 0.488281

1.42578 0.469555
1.4197 0.478516

1.41602 0.483853
1.41968 0.478516

1.40625 0.497993
1.413 0.488281

1.42578 0.469541
1.42631 0.46875

1.64062 0.0682144
1.63656 0.078125

1.62109 0.114394
1.61988 0.117188

1.63086 0.0916453
1.62831 0.0976562

1.63654 0.078125
1.63245 0.0878906

1.63086 0.0916085
1.63244 0.0878906

1.6283 0.0976562
1.6241 0.107422

1.62109 0.114296
1.62409 0.107422

1.61133 0.136365
1.61117 0.136719

1.61985 0.117188
1.61553 0.126953

1.61133 0.136346
1.61553 0.126953

1.61116 0.136719
1.60673 0.146484

1.60673 0.146484
1.60225 0.15625

1.66016 0.0189534
1.65994 0.0195312

1.65992 0.0195312
1.65616 0.0292969

1.65616 0.0292969
1.65235 0.0390625

1.66727 0
1.66362 0.00976562

1.66016 0.0189068
1.66362 0.00976562

1.65039 0.0440933
1.64851 0.0488281

1.64848 0.0488281
1.64455 0.0585938

1.65039 0.0439117
1.65231 0.0390625

1.64062 0.068241
1.64455 0.0585938

1.60156 0.157735
1.59771 0.166016

1.59771 0.166016
1.59311 0.175781

1.5918 0.178558
1.58847 0.185547

1.58846 0.185547
1.58374 0.195312

1.5918 0.178491
1.59309 0.175781

1.58203 0.198854
1.57899 0.205078

1.57897 0.205078
1.57414 0.214844

1.57227 0.21864
1.56928 0.224609

1.56925 0.224609
1.5643 0.234375

1.57227 0.218523
1.57411 0.214844

1.58203 0.198757
1.58371 0.195312

1.60156 0.157685
1.60223 0.15625

1.5625 0.237819
1.56428 0.234375

1.28906 0.650619
1.27772 0.664062

1.26953 0.673502
1.26925 0.673828

1.26925 0.673828
1.26072 0.683594

1.25977 0.68467
1.25207 0.693359

1.25 0.695657
1.25205 0.693359

1.25977 0.684652
1.2607 0.683594

1.26953 0.673499
1.27767 0.664062

1.29883 0.638957
1.29425 0.644531

1.30859 0.62711
1.30231 0.634766

1.29883 0.638952
1.30224 0.634766

1.28906 0.650691
1.29419 0.644531

1.30859 0.627087
1.31029 0.625

